3 0.23680555555555555 0.6739583333333333 0.10694444444444444 0.18125
3 0.049305555555555554 0.5125 0.09583333333333334 0.10833333333333334
3 0.32013888888888886 0.3020833333333333 0.0763888888888889 0.0625
3 0.3854166666666667 0.3645833333333333 0.09027777777777778 0.0875
3 0.4131944444444444 0.3020833333333333 0.07083333333333333 0.05416666666666667
3 0.5104166666666666 0.284375 0.06527777777777778 0.06041666666666667
3 0.6076388888888888 0.23333333333333334 0.05138888888888889 0.05
3 0.5722222222222222 0.21979166666666666 0.030555555555555555 0.035416666666666666
3 0.6027777777777777 0.18541666666666667 0.030555555555555555 0.029166666666666667
3 0.6340277777777777 0.19270833333333334 0.02638888888888889 0.027083333333333334
3 0.6708333333333333 0.2 0.03888888888888889 0.029166666666666667
3 0.9145833333333333 0.9322916666666666 0.15694444444444444 0.13541666666666666