3 0.8625 0.778125 0.1 0.16458333333333333
3 0.625 0.8333333333333334 0.125 0.17083333333333334
3 0.5097222222222222 0.534375 0.08333333333333333 0.10625
3 0.6381944444444444 0.6708333333333333 0.10138888888888889 0.14166666666666666
2 0.7236111111111111 0.53125 0.07777777777777778 0.09583333333333334
2 0.8513888888888889 0.534375 0.07777777777777778 0.09791666666666667
3 0.7465277777777778 0.446875 0.05694444444444444 0.06875
3 0.7729166666666667 0.35625 0.05138888888888889 0.07083333333333333
3 0.8097222222222222 0.26145833333333335 0.027777777777777776 0.03958333333333333
3 0.8666666666666667 0.2760416666666667 0.030555555555555555 0.03958333333333333
3 0.8770833333333333 0.23333333333333334 0.02361111111111111 0.029166666666666667
2 0.08472222222222223 0.4270833333333333 0.10833333333333334 0.06666666666666667