3 0.35 0.8666666666666667 0.20833333333333334 0.26666666666666666
3 0.51875 0.65 0.1375 0.18333333333333332
4 0.6631944444444444 0.3875 0.19583333333333333 0.3333333333333333
3 0.7243055555555555 0.19270833333333334 0.034722222222222224 0.03125
3 0.7694444444444445 0.19895833333333332 0.03611111111111111 0.035416666666666666
3 0.8034722222222223 0.16979166666666667 0.03194444444444444 0.03125
3 0.8347222222222223 0.14479166666666668 0.027777777777777776 0.027083333333333334
3 0.8666666666666667 0.121875 0.022222222222222223 0.022916666666666665
3 0.9340277777777778 0.11458333333333333 0.018055555555555554 0.016666666666666666
3 0.9104166666666667 0.0875 0.0125 0.0125
3 0.9208333333333333 0.075 0.011111111111111112 0.0125
0 0.9736111111111111 0.08020833333333334 0.019444444444444445 0.035416666666666666
0 0.9347222222222222 0.23333333333333334 0.06388888888888888 0.12916666666666668