3 0.3770833333333333 0.64375 0.12916666666666668 0.14583333333333334
2 0.4875 0.49583333333333335 0.09722222222222222 0.10416666666666667
3 0.5590277777777778 0.4239583333333333 0.0763888888888889 0.08541666666666667
4 0.6263888888888889 0.35104166666666664 0.07222222222222222 0.07708333333333334
3 0.6756944444444445 0.29270833333333335 0.04583333333333333 0.052083333333333336
3 0.7069444444444445 0.25729166666666664 0.041666666666666664 0.04375
3 0.73125 0.234375 0.034722222222222224 0.027083333333333334
2 0.75625 0.21041666666666667 0.02361111111111111 0.0375
2 0.7701388888888889 0.184375 0.03194444444444444 0.035416666666666666
3 0.8541666666666666 0.13958333333333334 0.025 0.016666666666666666
3 0.8701388888888889 0.11458333333333333 0.018055555555555554 0.016666666666666666
3 0.8611111111111112 0.08541666666666667 0.016666666666666666 0.016666666666666666