2 0.15763888888888888 0.5645833333333333 0.08472222222222223 0.15416666666666667
2 0.16111111111111112 0.4552083333333333 0.06111111111111111 0.09791666666666667
2 0.3715277777777778 0.43020833333333336 0.09027777777777778 0.13125
2 0.40069444444444446 0.3229166666666667 0.06527777777777778 0.06666666666666667
3 0.2986111111111111 0.6010416666666667 0.08888888888888889 0.13958333333333334
3 0.42291666666666666 0.553125 0.09305555555555556 0.11041666666666666
3 0.2763888888888889 0.48854166666666665 0.07222222222222222 0.09375
3 0.24791666666666667 0.39791666666666664 0.059722222222222225 0.07916666666666666
3 0.15416666666666667 0.3614583333333333 0.058333333333333334 0.08541666666666667
2 0.3229166666666667 0.359375 0.04861111111111111 0.08125
2 0.15069444444444444 0.28020833333333334 0.04583333333333333 0.06875
3 0.21805555555555556 0.2635416666666667 0.03611111111111111 0.04791666666666667
3 0.25069444444444444 0.22083333333333333 0.034722222222222224 0.041666666666666664
2 0.20208333333333334 0.23020833333333332 0.02638888888888889 0.052083333333333336