3 0.89125 0.9422222222222222 0.2075 0.11555555555555555
3 0.528125 0.6333333333333333 0.08125 0.1288888888888889
3 0.4 0.5022222222222222 0.055 0.12
3 0.320625 0.4866666666666667 0.04875 0.10666666666666667
3 0.446875 0.4 0.04375 0.07555555555555556
3 0.35125 0.2588888888888889 0.0225 0.03777777777777778
3 0.3175 0.2088888888888889 0.0175 0.02666666666666667
3 0.404375 0.19555555555555557 0.01875 0.02666666666666667
3 0.351875 0.21888888888888888 0.02125 0.024444444444444446
3 0.388125 0.14 0.01125 0.013333333333333334
3 0.32375 0.13555555555555557 0.01 0.013333333333333334