2 0.29444444444444445 0.9010416666666666 0.23055555555555557 0.19791666666666666
3 0.5277777777777778 0.6385416666666667 0.11944444444444445 0.15208333333333332
4 0.9180555555555555 0.23541666666666666 0.08055555555555556 0.15
2 0.8020833333333334 0.178125 0.034722222222222224 0.03125
3 0.8027777777777778 0.14895833333333333 0.025 0.01875
3 0.8645833333333334 0.13645833333333332 0.020833333333333332 0.01875
3 0.8395833333333333 0.12395833333333334 0.020833333333333332 0.01875
3 0.8930555555555556 0.109375 0.016666666666666666 0.014583333333333334
3 0.9201388888888888 0.0875 0.015277777777777777 0.0125
3 0.9458333333333333 0.08020833333333334 0.019444444444444445 0.014583333333333334
0 0.9430555555555555 0.051041666666666666 0.016666666666666666 0.01875
4 0.18819444444444444 0.38229166666666664 0.07361111111111111 0.04375