4 0.2263888888888889 0.3927083333333333 0.10555555555555556 0.07708333333333334
3 0.3284722222222222 0.9041666666666667 0.22083333333333333 0.19166666666666668
3 0.6236111111111111 0.8729166666666667 0.15 0.23333333333333334
3 0.5027777777777778 0.6677083333333333 0.14444444444444443 0.20625
3 0.7347222222222223 0.5447916666666667 0.1 0.11875
3 0.8208333333333333 0.3802083333333333 0.06111111111111111 0.05625
3 0.8548611111111111 0.28541666666666665 0.04583333333333333 0.05416666666666667
3 0.8840277777777777 0.21875 0.0375 0.0375
3 0.9145833333333333 0.16458333333333333 0.03194444444444444 0.029166666666666667
3 0.9402777777777778 0.2677083333333333 0.058333333333333334 0.05625
0 0.9715277777777778 0.12708333333333333 0.03194444444444444 0.05