3 0.05138888888888889 0.5822916666666667 0.08888888888888889 0.11458333333333333
3 0.08333333333333333 0.45 0.14444444444444443 0.125
2 0.24097222222222223 0.5541666666666667 0.16805555555555557 0.1625
3 0.43819444444444444 0.6354166666666666 0.17083333333333334 0.15416666666666667
3 0.3104166666666667 0.41041666666666665 0.12361111111111112 0.1125
4 0.4576388888888889 0.32708333333333334 0.10694444444444444 0.09583333333333334
3 0.5534722222222223 0.2864583333333333 0.07083333333333333 0.06041666666666667
3 0.6194444444444445 0.23958333333333334 0.05555555555555555 0.05416666666666667
3 0.7777777777777778 0.2875 0.06388888888888888 0.0625
3 0.8798611111111111 0.17395833333333333 0.029166666666666667 0.027083333333333334
3 0.21458333333333332 0.196875 0.0763888888888889 0.05625
3 0.044444444444444446 0.23958333333333334 0.06944444444444445 0.06666666666666667
3 0.49444444444444446 0.13645833333333332 0.05277777777777778 0.03125
3 0.36319444444444443 0.165625 0.07916666666666666 0.035416666666666666