2 0.8666666666666667 0.7729166666666667 0.18055555555555555 0.175
2 0.5715277777777777 0.85 0.17083333333333334 0.25833333333333336
2 0.41041666666666665 0.55 0.09305555555555556 0.1375
3 0.47291666666666665 0.46041666666666664 0.07916666666666666 0.08333333333333333
3 0.36180555555555555 0.440625 0.07361111111111111 0.10208333333333333
2 0.31805555555555554 0.37083333333333335 0.05277777777777778 0.07083333333333333
2 0.3715277777777778 0.3177083333333333 0.05416666666666667 0.05625
2 0.3 0.32083333333333336 0.05277777777777778 0.06666666666666667
3 0.27708333333333335 0.28229166666666666 0.04027777777777778 0.04791666666666667
3 0.2548611111111111 0.24375 0.0375 0.041666666666666664
3 0.23541666666666666 0.21875 0.034722222222222224 0.041666666666666664
2 0.29930555555555555 0.23541666666666666 0.0375 0.04583333333333333
3 0.16875 0.13020833333333334 0.018055555555555554 0.022916666666666665
3 0.25 0.159375 0.022222222222222223 0.022916666666666665
3 0.29930555555555555 0.18125 0.029166666666666667 0.029166666666666667
3 0.2152777777777778 0.1125 0.016666666666666666 0.020833333333333332
3 0.15763888888888888 0.07708333333333334 0.006944444444444444 0.008333333333333333
3 0.20694444444444443 0.07083333333333333 0.011111111111111112 0.0125