3 0.043125 0.6888888888888889 0.08375 0.10666666666666667
3 0.39 0.6088888888888889 0.1175 0.1288888888888889
2 0.533125 0.6155555555555555 0.09125 0.1511111111111111
2 0.54875 0.43222222222222223 0.06 0.09555555555555556
3 0.601875 0.35444444444444445 0.04375 0.06
3 0.635625 0.30666666666666664 0.03375 0.06666666666666667
3 0.655625 0.25555555555555554 0.02375 0.044444444444444446
4 0.659375 0.21222222222222223 0.02375 0.04666666666666667
3 0.661875 0.17777777777777778 0.01875 0.02666666666666667
3 0.666875 0.12555555555555556 0.01375 0.02
3 0.64 0.12777777777777777 0.015 0.028888888888888888