2 0.075 0.6427083333333333 0.1361111111111111 0.14375
2 0.38680555555555557 0.6760416666666667 0.10416666666666667 0.20625
2 0.6298611111111111 0.8979166666666667 0.1625 0.20416666666666666
2 0.7520833333333333 0.6260416666666667 0.12916666666666668 0.12291666666666666
3 0.46875 0.528125 0.09027777777777778 0.10208333333333333
3 0.3326388888888889 0.43125 0.04861111111111111 0.07083333333333333
3 0.4013888888888889 0.36041666666666666 0.044444444444444446 0.058333333333333334
3 0.3347222222222222 0.19270833333333334 0.022222222222222223 0.01875
3 0.3020833333333333 0.21354166666666666 0.015277777777777777 0.022916666666666665
3 0.10625 0.24166666666666667 0.04583333333333333 0.029166666666666667
3 0.3159722222222222 0.15104166666666666 0.009722222222222222 0.014583333333333334
3 0.35347222222222224 0.12604166666666666 0.009722222222222222 0.010416666666666666
3 0.30416666666666664 0.1125 0.008333333333333333 0.008333333333333333