2 0.06875 0.6708333333333333 0.12361111111111112 0.14583333333333334
2 0.34652777777777777 0.35520833333333335 0.06527777777777778 0.08958333333333333
2 0.2965277777777778 0.3072916666666667 0.043055555555555555 0.06875
3 0.4388888888888889 0.32916666666666666 0.07222222222222222 0.075
3 0.38263888888888886 0.26666666666666666 0.05694444444444444 0.05416666666666667
3 0.3472222222222222 0.23541666666666666 0.041666666666666664 0.041666666666666664
3 0.32569444444444445 0.2125 0.034722222222222224 0.0375
3 0.2965277777777778 0.19166666666666668 0.03194444444444444 0.03333333333333333
3 0.2826388888888889 0.271875 0.034722222222222224 0.04791666666666667
3 0.2722222222222222 0.23229166666666667 0.044444444444444446 0.04375
3 0.2548611111111111 0.2125 0.02638888888888889 0.0375
3 0.24166666666666667 0.19583333333333333 0.030555555555555555 0.0375