2 0.07708333333333334 0.6875 0.14305555555555555 0.21666666666666667
2 0.09027777777777778 0.5354166666666667 0.16111111111111112 0.15833333333333333
2 0.26875 0.54375 0.16527777777777777 0.15416666666666667
3 0.46111111111111114 0.5916666666666667 0.1527777777777778 0.1375
3 0.27847222222222223 0.4427083333333333 0.13472222222222222 0.10208333333333333
3 0.425 0.35833333333333334 0.10555555555555556 0.08333333333333333
3 0.5152777777777777 0.31666666666666665 0.08055555555555556 0.06666666666666667
3 0.7152777777777778 0.34375 0.06666666666666667 0.0625
3 0.5680555555555555 0.275 0.06388888888888888 0.058333333333333334
3 0.8034722222222223 0.2635416666666667 0.05138888888888889 0.05625
3 0.8715277777777778 0.20833333333333334 0.0375 0.029166666666666667
4 0.6451388888888889 0.22083333333333333 0.06805555555555555 0.07083333333333333
3 0.6881944444444444 0.19791666666666666 0.04027777777777778 0.041666666666666664
3 0.7388888888888889 0.17916666666666667 0.03611111111111111 0.029166666666666667
3 0.8986111111111111 0.14895833333333333 0.027777777777777776 0.027083333333333334
3 0.9180555555555555 0.12083333333333333 0.022222222222222223 0.020833333333333332
3 0.8173611111111111 0.12604166666666666 0.029166666666666667 0.03125
3 0.775 0.12083333333333333 0.027777777777777776 0.025
3 0.24097222222222223 0.19583333333333333 0.08194444444444444 0.04583333333333333
3 0.36041666666666666 0.15833333333333333 0.0625 0.04583333333333333
3 0.12430555555555556 0.225 0.06527777777777778 0.05416666666666667