2 0.09583333333333334 0.6239583333333333 0.16944444444444445 0.14375
3 0.24305555555555555 0.546875 0.11944444444444445 0.10625
3 0.42291666666666666 0.5760416666666667 0.1125 0.12291666666666666
3 0.3597222222222222 0.4739583333333333 0.10277777777777777 0.08541666666666667
2 0.5131944444444444 0.44375 0.09027777777777778 0.1125
2 0.4527777777777778 0.40208333333333335 0.07222222222222222 0.07916666666666666
3 0.5826388888888889 0.371875 0.05694444444444444 0.06458333333333334
3 0.5208333333333334 0.35104166666666664 0.06388888888888888 0.05625
3 0.6354166666666666 0.31979166666666664 0.05416666666666667 0.052083333333333336
3 0.5763888888888888 0.30625 0.04722222222222222 0.05
3 0.6673611111111111 0.2708333333333333 0.04583333333333333 0.05
3 0.7118055555555556 0.2375 0.04027777777777778 0.041666666666666664
3 0.7375 0.20729166666666668 0.030555555555555555 0.035416666666666666