3 0.7534722222222222 0.63125 0.08472222222222223 0.10416666666666667
2 0.45694444444444443 0.4635416666666667 0.075 0.08541666666666667
4 0.6131944444444445 0.6375 0.2013888888888889 0.2833333333333333
2 0.8013888888888889 0.2947916666666667 0.041666666666666664 0.04791666666666667
3 0.8743055555555556 0.25104166666666666 0.03194444444444444 0.035416666666666666
3 0.8819444444444444 0.19166666666666668 0.022222222222222223 0.025
3 0.8881944444444444 0.15625 0.02361111111111111 0.020833333333333332
3 0.8520833333333333 0.14270833333333333 0.02638888888888889 0.01875
3 0.8868055555555555 0.12708333333333333 0.02361111111111111 0.016666666666666666
3 0.8576388888888888 0.11041666666666666 0.015277777777777777 0.0125
4 0.8118055555555556 0.096875 0.020833333333333332 0.03125
3 0.8277777777777777 0.057291666666666664 0.013888888888888888 0.014583333333333334
3 0.12638888888888888 0.2677083333333333 0.05555555555555555 0.027083333333333334
3 0.3458333333333333 0.25833333333333336 0.06388888888888888 0.03333333333333333
3 0.3402777777777778 0.196875 0.044444444444444446 0.027083333333333334
3 0.15555555555555556 0.20625 0.041666666666666664 0.025