2 0.8916666666666667 0.7270833333333333 0.14444444444444443 0.14166666666666666
3 0.5284722222222222 0.76875 0.1125 0.14166666666666666
4 0.44513888888888886 0.9177083333333333 0.1486111111111111 0.16458333333333333
3 0.31319444444444444 0.54375 0.0625 0.1
2 0.48819444444444443 0.3572916666666667 0.05138888888888889 0.04791666666666667
3 0.23333333333333334 0.25625 0.022222222222222223 0.029166666666666667
3 0.25555555555555554 0.17916666666666667 0.019444444444444445 0.020833333333333332
3 0.17291666666666666 0.20104166666666667 0.015277777777777777 0.01875
3 0.1701388888888889 0.14166666666666666 0.0125 0.016666666666666666
3 0.21805555555555556 0.14166666666666666 0.013888888888888888 0.0125
3 0.1597222222222222 0.11458333333333333 0.011111111111111112 0.0125