2 0.07013888888888889 0.5697916666666667 0.13194444444444445 0.17708333333333334
2 0.09305555555555556 0.44895833333333335 0.14722222222222223 0.11041666666666666
2 0.16597222222222222 0.36354166666666665 0.10138888888888889 0.07708333333333334
3 0.27152777777777776 0.44583333333333336 0.13194444444444445 0.10833333333333334
3 0.43125 0.359375 0.09861111111111111 0.08125
3 0.3368055555555556 0.30416666666666664 0.08472222222222223 0.06666666666666667
3 0.45416666666666666 0.253125 0.06944444444444445 0.04791666666666667
3 0.5152777777777777 0.3104166666666667 0.07222222222222222 0.07083333333333333
3 0.5791666666666667 0.27291666666666664 0.06111111111111111 0.0625
3 0.5361111111111111 0.21875 0.058333333333333334 0.04583333333333333
3 0.6256944444444444 0.24895833333333334 0.04861111111111111 0.04791666666666667
3 0.6701388888888888 0.22083333333333333 0.043055555555555555 0.05
3 0.7180555555555556 0.19583333333333333 0.041666666666666664 0.041666666666666664
3 0.74375 0.17604166666666668 0.029166666666666667 0.03125
3 0.8270833333333333 0.22395833333333334 0.0375 0.04375
3 0.6895833333333333 0.15520833333333334 0.03194444444444444 0.03125
3 0.74375 0.13958333333333334 0.02638888888888889 0.020833333333333332