3 0.0625 0.7479166666666667 0.12222222222222222 0.15833333333333333
3 0.42430555555555555 0.5177083333333333 0.12638888888888888 0.10208333333333333
2 0.7763888888888889 0.7291666666666666 0.2722222222222222 0.17083333333333334
2 0.19305555555555556 0.484375 0.14444444444444443 0.13125
3 0.3138888888888889 0.41458333333333336 0.10277777777777777 0.08333333333333333
2 0.5951388888888889 0.284375 0.059722222222222225 0.052083333333333336
2 0.71875 0.253125 0.04861111111111111 0.04375
3 0.6180555555555556 0.225 0.044444444444444446 0.0375
3 0.5604166666666667 0.259375 0.03194444444444444 0.035416666666666666
3 0.6618055555555555 0.20104166666666667 0.03194444444444444 0.027083333333333334
3 0.5847222222222223 0.20833333333333334 0.041666666666666664 0.0375
0 0.4722222222222222 0.2864583333333333 0.14722222222222223 0.14791666666666667
0 0.6993055555555555 0.159375 0.06805555555555555 0.06041666666666667