2 0.04375 0.459375 0.06805555555555555 0.07708333333333334
3 0.6840277777777778 0.6479166666666667 0.09861111111111111 0.125
3 0.7493055555555556 0.48333333333333334 0.06805555555555555 0.07916666666666666
3 0.7777777777777778 0.37916666666666665 0.04722222222222222 0.058333333333333334
3 0.7923611111111111 0.32395833333333335 0.04027777777777778 0.05625
3 0.8715277777777778 0.3072916666666667 0.04027777777777778 0.04791666666666667
3 0.7951388888888888 0.28541666666666665 0.034722222222222224 0.029166666666666667
3 0.8729166666666667 0.2635416666666667 0.03194444444444444 0.035416666666666666
3 0.8027777777777778 0.25625 0.030555555555555555 0.03333333333333333
3 0.8694444444444445 0.221875 0.03333333333333333 0.035416666666666666
3 0.8145833333333333 0.22291666666666668 0.03194444444444444 0.03333333333333333