3 0.7166666666666667 0.7427083333333333 0.11944444444444445 0.18125
3 0.5715277777777777 0.46875 0.06527777777777778 0.08333333333333333
3 0.5298611111111111 0.37916666666666665 0.05138888888888889 0.0625
3 0.43680555555555556 0.40208333333333335 0.05416666666666667 0.075
3 0.43125 0.3072916666666667 0.04027777777777778 0.04791666666666667
3 0.39791666666666664 0.24791666666666667 0.034722222222222224 0.0375
3 0.4361111111111111 0.21354166666666666 0.030555555555555555 0.03125
3 0.39375 0.2125 0.03194444444444444 0.025
3 0.5256944444444445 0.26666666666666666 0.03194444444444444 0.041666666666666664
3 0.4666666666666667 0.18020833333333333 0.027777777777777776 0.022916666666666665
3 0.43472222222222223 0.14375 0.027777777777777776 0.020833333333333332
2 0.6090277777777777 0.3854166666666667 0.04861111111111111 0.058333333333333334
4 0.64375 0.9135416666666667 0.1625 0.17291666666666666
4 0.5729166666666666 0.7364583333333333 0.14027777777777778 0.19791666666666666