3 0.09097222222222222 0.9208333333333333 0.16805555555555557 0.15833333333333333
2 0.7833333333333333 0.5458333333333333 0.06944444444444445 0.09166666666666666
4 0.74375 0.15520833333333334 0.059722222222222225 0.08541666666666667
3 0.8833333333333333 0.19791666666666666 0.019444444444444445 0.029166666666666667
3 0.8833333333333333 0.13333333333333333 0.016666666666666666 0.016666666666666666
3 0.8180555555555555 0.084375 0.016666666666666666 0.022916666666666665
3 0.03680555555555556 0.4322916666666667 0.059722222222222225 0.05625
3 0.3972222222222222 0.23125 0.05555555555555555 0.029166666666666667
3 0.027777777777777776 0.3385416666666667 0.041666666666666664 0.035416666666666666
3 0.3277777777777778 0.15 0.03611111111111111 0.016666666666666666
3 0.12291666666666666 0.21458333333333332 0.029166666666666667 0.020833333333333332
3 0.06597222222222222 0.28125 0.04583333333333333 0.025
3 0.34652777777777777 0.2 0.029166666666666667 0.025