2 0.279375 0.6355555555555555 0.10875 0.17777777777777778
3 0.394375 0.6455555555555555 0.09375 0.14888888888888888
3 0.43125 0.43333333333333335 0.065 0.08888888888888889
3 0.519375 0.40555555555555556 0.06125 0.09555555555555556
3 0.50375 0.31555555555555553 0.045 0.06222222222222222
2 0.735625 0.51 0.04875 0.1
3 0.5725 0.22333333333333333 0.03 0.04666666666666667
2 0.590625 0.2788888888888889 0.04375 0.06888888888888889
3 0.614375 0.15555555555555556 0.02625 0.035555555555555556
3 0.63875 0.18777777777777777 0.025 0.03333333333333333
3 0.65875 0.1511111111111111 0.0225 0.03111111111111111
3 0.656875 0.09888888888888889 0.01625 0.02
3 0.671875 0.12444444444444444 0.01875 0.022222222222222223
3 0.685 0.09555555555555556 0.0125 0.02666666666666667
3 0.729375 0.07444444444444444 0.01625 0.02
3 0.694375 0.07777777777777778 0.01125 0.022222222222222223
3 0.6925 0.04777777777777778 0.01 0.015555555555555555
3 0.735 0.04555555555555556 0.0125 0.02