3 0.4625 0.7416666666666667 0.14722222222222223 0.17916666666666667
3 0.3680555555555556 0.5229166666666667 0.1111111111111111 0.09583333333333334
3 0.6583333333333333 0.246875 0.05 0.052083333333333336
3 0.7076388888888889 0.359375 0.06527777777777778 0.07291666666666667
2 0.7201388888888889 0.24583333333333332 0.04861111111111111 0.05416666666666667
4 0.8215277777777777 0.30104166666666665 0.07361111111111111 0.11875
3 0.8729166666666667 0.2 0.03194444444444444 0.03333333333333333
3 0.9472222222222222 0.15104166666666666 0.030555555555555555 0.027083333333333334
3 0.9027777777777778 0.15104166666666666 0.022222222222222223 0.022916666666666665
3 0.9208333333333333 0.12916666666666668 0.019444444444444445 0.025
3 0.9361111111111111 0.103125 0.016666666666666666 0.01875
3 0.8861111111111111 0.09479166666666666 0.016666666666666666 0.014583333333333334
3 0.9701388888888889 0.10416666666666667 0.018055555555555554 0.0125
3 0.9597222222222223 0.06875 0.011111111111111112 0.008333333333333333
3 0.9180555555555555 0.07395833333333333 0.011111111111111112 0.010416666666666666
3 0.8930555555555556 0.08020833333333334 0.011111111111111112 0.010416666666666666
3 0.8993055555555556 0.06875 0.0125 0.008333333333333333