2 0.5319444444444444 0.6083333333333333 0.125 0.12083333333333333
3 0.3416666666666667 0.47291666666666665 0.05277777777777778 0.075
3 0.5888888888888889 0.384375 0.04722222222222222 0.052083333333333336
3 0.5395833333333333 0.30833333333333335 0.03194444444444444 0.0375
3 0.35694444444444445 0.2604166666666667 0.027777777777777776 0.03333333333333333
3 0.4548611111111111 0.228125 0.02361111111111111 0.022916666666666665
3 0.3347222222222222 0.20520833333333333 0.022222222222222223 0.027083333333333334
3 0.3715277777777778 0.16666666666666666 0.0125 0.0125
3 0.3611111111111111 0.15416666666666667 0.013888888888888888 0.016666666666666666
3 0.5173611111111112 0.20520833333333333 0.020833333333333332 0.022916666666666665
3 0.29305555555555557 0.13854166666666667 0.011111111111111112 0.014583333333333334
3 0.33611111111111114 0.13020833333333334 0.008333333333333333 0.010416666666666666
1 0.09444444444444444 0.4666666666666667 0.030555555555555555 0.05416666666666667
1 0.07291666666666667 0.4635416666666667 0.015277777777777777 0.04791666666666667