3 0.4305555555555556 0.571875 0.09722222222222222 0.12708333333333333
3 0.5777777777777777 0.475 0.12777777777777777 0.09166666666666666
2 0.3763888888888889 0.45 0.075 0.1
3 0.33402777777777776 0.3875 0.05138888888888889 0.06666666666666667
2 0.3055555555555556 0.3302083333333333 0.058333333333333334 0.06875
3 0.2791666666666667 0.28854166666666664 0.04722222222222222 0.052083333333333336
2 0.25763888888888886 0.2520833333333333 0.0375 0.04583333333333333
3 0.24722222222222223 0.22604166666666667 0.030555555555555555 0.04375
3 0.3715277777777778 0.24791666666666667 0.04027777777777778 0.0375
3 0.30416666666666664 0.22604166666666667 0.03611111111111111 0.03125
3 0.25277777777777777 0.1625 0.030555555555555555 0.029166666666666667
3 0.2423611111111111 0.13645833333333332 0.02361111111111111 0.027083333333333334
3 0.20555555555555555 0.09270833333333334 0.016666666666666666 0.01875
3 0.19375 0.071875 0.0125 0.014583333333333334