2 0.07222222222222222 0.55625 0.13055555555555556 0.16666666666666666
3 0.4152777777777778 0.6885416666666667 0.18888888888888888 0.18958333333333333
3 0.07569444444444444 0.403125 0.13472222222222222 0.09375
3 0.2986111111111111 0.41458333333333336 0.13333333333333333 0.1125
3 0.43680555555555556 0.334375 0.09583333333333334 0.08541666666666667
3 0.5354166666666667 0.2875 0.0763888888888889 0.07083333333333333
3 0.7208333333333333 0.35 0.07222222222222222 0.07083333333333333
3 0.7472222222222222 0.16770833333333332 0.03888888888888889 0.035416666666666666
3 0.5576388888888889 0.20416666666666666 0.05138888888888889 0.0375
3 0.6104166666666667 0.18229166666666666 0.04583333333333333 0.035416666666666666
3 0.6583333333333333 0.16458333333333333 0.03888888888888889 0.029166666666666667
3 0.6847222222222222 0.14791666666666667 0.03333333333333333 0.029166666666666667
3 0.7159722222222222 0.13854166666666667 0.02638888888888889 0.027083333333333334
3 0.7458333333333333 0.13229166666666667 0.025 0.022916666666666665
2 0.8666666666666667 0.18645833333333334 0.04722222222222222 0.052083333333333336
2 0.26805555555555555 0.30520833333333336 0.09722222222222222 0.09375
2 0.43472222222222223 0.24895833333333334 0.07777777777777778 0.06875
3 0.36875 0.16145833333333334 0.0625 0.035416666666666666