2 0.553125 0.6911111111111111 0.09875 0.1688888888888889
2 0.43625 0.6544444444444445 0.07 0.16666666666666666
2 0.5525 0.3877777777777778 0.0425 0.06
3 0.441875 0.2722222222222222 0.02875 0.03777777777777778
3 0.456875 0.24555555555555555 0.02375 0.03333333333333333
3 0.396875 0.19777777777777777 0.01625 0.02666666666666667
3 0.42375 0.19444444444444445 0.015 0.024444444444444446
3 0.404375 0.15888888888888889 0.01375 0.024444444444444446
3 0.30375 0.11666666666666667 0.0075 0.011111111111111112
3 0.33875 0.13111111111111112 0.0075 0.013333333333333334
3 0.361875 0.14222222222222222 0.01125 0.013333333333333334