3 0.440625 0.5688888888888889 0.07625 0.12
3 0.629375 0.6177777777777778 0.06875 0.1288888888888889
3 0.746875 0.28444444444444444 0.03125 0.044444444444444446
3 0.68125 0.33666666666666667 0.04 0.06444444444444444
3 0.640625 0.18777777777777777 0.02125 0.03777777777777778
3 0.705625 0.21888888888888888 0.02625 0.03777777777777778
3 0.748125 0.16 0.01875 0.03111111111111111
3 0.715625 0.17222222222222222 0.01875 0.028888888888888888
3 0.75375 0.13555555555555557 0.015 0.022222222222222223
3 0.721875 0.13 0.01625 0.028888888888888888
3 0.72625 0.10444444444444445 0.0125 0.017777777777777778
3 0.73 0.09444444444444444 0.015 0.024444444444444446
3 0.691875 0.06444444444444444 0.01125 0.017777777777777778
2 0.606875 0.1811111111111111 0.02875 0.042222222222222223
4 0.616875 0.15777777777777777 0.02875 0.05333333333333334
4 0.75125 0.07444444444444444 0.0175 0.03777777777777778
4 0.754375 0.06555555555555556 0.04125 0.03333333333333333