3 0.05416666666666667 0.6885416666666667 0.09444444444444444 0.11041666666666666
3 0.33541666666666664 0.4583333333333333 0.05138888888888889 0.07916666666666666
3 0.44513888888888886 0.4822916666666667 0.0625 0.08541666666666667
3 0.32916666666666666 0.3958333333333333 0.04722222222222222 0.04583333333333333
3 0.3125 0.31354166666666666 0.03611111111111111 0.03958333333333333
2 0.10486111111111111 0.24479166666666666 0.05138888888888889 0.035416666666666666
3 0.4201388888888889 0.4010416666666667 0.04861111111111111 0.06875
2 0.4048611111111111 0.359375 0.04027777777777778 0.052083333333333336
2 0.3875 0.3302083333333333 0.03611111111111111 0.05625
2 0.3715277777777778 0.2833333333333333 0.034722222222222224 0.04583333333333333
2 0.40069444444444446 0.16875 0.020833333333333332 0.020833333333333332
3 0.5097222222222222 0.21041666666666667 0.022222222222222223 0.016666666666666666
3 0.29444444444444445 0.15729166666666666 0.013888888888888888 0.014583333333333334
3 0.30277777777777776 0.125 0.008333333333333333 0.0125
3 0.2916666666666667 0.13958333333333334 0.011111111111111112 0.0125