3 0.06180555555555556 0.7114583333333333 0.1125 0.16458333333333333
3 0.4618055555555556 0.41041666666666665 0.10694444444444444 0.09166666666666666
2 0.3 0.4979166666666667 0.1638888888888889 0.14583333333333334
2 0.13125 0.5145833333333333 0.16805555555555557 0.14166666666666666
3 0.07916666666666666 0.4552083333333333 0.14166666666666666 0.11041666666666666
2 0.3215277777777778 0.39895833333333336 0.11527777777777778 0.09375
2 0.4305555555555556 0.33645833333333336 0.1 0.08958333333333333
3 0.5243055555555556 0.2916666666666667 0.08472222222222223 0.07916666666666666
3 0.5958333333333333 0.25625 0.058333333333333334 0.058333333333333334
3 0.6548611111111111 0.225 0.04861111111111111 0.05
3 0.7118055555555556 0.190625 0.04027777777777778 0.035416666666666666
3 0.7819444444444444 0.15729166666666666 0.03333333333333333 0.027083333333333334
3 0.9208333333333333 0.14375 0.025 0.025
3 0.8215277777777777 0.121875 0.02361111111111111 0.01875
3 0.9333333333333333 0.10625 0.019444444444444445 0.020833333333333332
3 0.23541666666666666 0.19375 0.07083333333333333 0.0375
3 0.12291666666666666 0.225 0.07083333333333333 0.05
3 0.36736111111111114 0.1625 0.06527777777777778 0.0375
3 0.4131944444444444 0.14895833333333333 0.05416666666666667 0.035416666666666666
3 0.44930555555555557 0.14583333333333334 0.05138888888888889 0.03333333333333333