2 0.05625 0.6510416666666666 0.109375 0.17708333333333334
3 0.15234375 0.7072916666666667 0.1890625 0.18541666666666667
3 0.7203125 0.6875 0.09375 0.15833333333333333
3 0.36640625 0.5510416666666667 0.1265625 0.11875
3 0.2625 0.525 0.128125 0.12916666666666668
3 0.38984375 0.43333333333333335 0.0984375 0.0875
2 0.52265625 0.41354166666666664 0.0859375 0.09791666666666667
2 0.49765625 0.35625 0.0828125 0.0875
3 0.65 0.32083333333333336 0.059375 0.075
3 0.628125 0.28020833333333334 0.05 0.052083333333333336
3 0.7140625 0.21770833333333334 0.040625 0.04791666666666667
3 0.7734375 0.21979166666666666 0.025 0.03958333333333333
3 0.7765625 0.178125 0.01875 0.035416666666666666
3 0.81875 0.15416666666666667 0.021875 0.0375