3 0.053125 0.6604166666666667 0.103125 0.15
1 0.21015625 0.5635416666666667 0.0796875 0.11458333333333333
3 0.40078125 0.5197916666666667 0.1171875 0.12291666666666666
3 0.8234375 0.54375 0.071875 0.10416666666666667
3 0.525 0.33125 0.065625 0.07083333333333333
3 0.64453125 0.3260416666666667 0.0609375 0.06875
3 0.64453125 0.26145833333333335 0.0484375 0.04375
3 0.76953125 0.22291666666666668 0.0296875 0.04583333333333333
2 0.73359375 0.19895833333333332 0.0421875 0.04375
3 0.8234375 0.14375 0.021875 0.029166666666666667
3 0.83046875 0.18229166666666666 0.0265625 0.035416666666666666
3 0.846875 0.13125 0.01875 0.03333333333333333