2 0.43828125 0.41041666666666665 0.0765625 0.10833333333333334
2 0.309375 0.3875 0.0625 0.1
2 0.2640625 0.49895833333333334 0.075 0.12291666666666666
3 0.3734375 0.48020833333333335 0.071875 0.09375
3 0.2328125 0.421875 0.059375 0.07291666666666667
3 0.2015625 0.37083333333333335 0.04375 0.06666666666666667
3 0.2671875 0.33125 0.04375 0.058333333333333334
3 0.18203125 0.31145833333333334 0.0390625 0.05625
3 0.15703125 0.28125 0.0296875 0.04583333333333333
3 0.1453125 0.25104166666666666 0.028125 0.03125
3 0.13828125 0.22291666666666668 0.0234375 0.03333333333333333
3 0.1296875 0.20416666666666666 0.021875 0.029166666666666667
3 0.1171875 0.19270833333333334 0.021875 0.03125
4 0.1171875 0.14166666666666666 0.034375 0.029166666666666667
3 0.0890625 0.146875 0.015625 0.022916666666666665
2 0.95546875 0.3541666666666667 0.0890625 0.08333333333333333