2 0.3078125 0.5572916666666666 0.16875 0.18958333333333333
3 0.2265625 0.5395833333333333 0.11875 0.12916666666666668
4 0.45703125 0.3770833333333333 0.1171875 0.1125
2 0.62109375 0.33229166666666665 0.0734375 0.08541666666666667
3 0.60703125 0.29791666666666666 0.0578125 0.0625
2 0.70078125 0.27395833333333336 0.0578125 0.07291666666666667
2 0.68515625 0.23541666666666666 0.0515625 0.058333333333333334
3 0.7546875 0.23229166666666667 0.040625 0.04375
2 0.74609375 0.19895833333333332 0.0359375 0.03958333333333333
4 0.796875 0.18333333333333332 0.059375 0.1125
3 0.83125 0.184375 0.021875 0.03125