3 0.95859375 0.359375 0.0796875 0.07708333333333334
2 0.528125 0.8479166666666667 0.21875 0.21666666666666667
2 0.371875 0.45416666666666666 0.084375 0.125
2 0.20703125 0.38229166666666664 0.0546875 0.09791666666666667
3 0.278125 0.5270833333333333 0.078125 0.11666666666666667
3 0.56015625 0.4114583333333333 0.0796875 0.08125
3 0.24296875 0.45208333333333334 0.0578125 0.0875
3 0.271875 0.34375 0.05 0.0625
3 0.25390625 0.3 0.0453125 0.058333333333333334
3 0.22265625 0.26875 0.0359375 0.05
2 0.3046875 0.20208333333333334 0.03125 0.0375
3 0.18125 0.34375 0.034375 0.0625
3 0.17265625 0.29270833333333335 0.0359375 0.04791666666666667
3 0.1578125 0.275 0.028125 0.041666666666666664
3 0.14140625 0.25 0.0234375 0.041666666666666664
3 0.13203125 0.21770833333333334 0.0203125 0.03125
3 0.15390625 0.17916666666666667 0.0234375 0.0375
3 0.1125 0.184375 0.01875 0.027083333333333334
3 0.1265625 0.15729166666666666 0.01875 0.01875
3 0.0921875 0.14479166666666668 0.0125 0.01875
3 0.06875 0.12083333333333333 0.0125 0.0125
3 0.0765625 0.13333333333333333 0.0125 0.0125