3 0.96171875 0.36354166666666665 0.0765625 0.07291666666666667
2 0.2265625 0.40729166666666666 0.0625 0.10208333333333333
2 0.43125 0.3125 0.0625 0.0625
4 0.1640625 0.271875 0.046875 0.06458333333333334
3 0.30078125 0.215625 0.0328125 0.03125
2 0.23515625 0.171875 0.0234375 0.027083333333333334
2 0.1421875 0.24270833333333333 0.021875 0.035416666666666666
3 0.125 0.21354166666666666 0.025 0.03125
2 0.153125 0.18541666666666667 0.021875 0.029166666666666667
3 0.2046875 0.15416666666666667 0.01875 0.025
3 0.1078125 0.134375 0.0125 0.014583333333333334
2 0.52109375 0.9208333333333333 0.1578125 0.15833333333333333