2 0.65078125 0.8125 0.1921875 0.29583333333333334
3 0.3515625 0.6645833333333333 0.10625 0.16666666666666666
3 0.64296875 0.47291666666666665 0.1046875 0.10833333333333334
3 0.3140625 0.38958333333333334 0.059375 0.07916666666666666
3 0.2125 0.37916666666666665 0.05 0.0875
3 0.5109375 0.309375 0.05625 0.06041666666666667
4 0.39453125 0.2708333333333333 0.0640625 0.0875
3 0.17890625 0.303125 0.0421875 0.052083333333333336
2 0.15 0.23125 0.0375 0.0625
3 0.2828125 0.20208333333333334 0.03125 0.03333333333333333
3 0.31953125 0.190625 0.0328125 0.03125
3 0.2390625 0.171875 0.025 0.027083333333333334
3 0.26328125 0.15833333333333333 0.0234375 0.025
3 0.2375 0.14375 0.021875 0.025