3 0.85625 0.90625 0.20972222222222223 0.1875
3 0.6388888888888888 0.8927083333333333 0.17222222222222222 0.21458333333333332
2 0.8222222222222222 0.6822916666666666 0.16111111111111112 0.16875
3 0.6409722222222223 0.6802083333333333 0.12916666666666668 0.13125
3 0.65625 0.5614583333333333 0.1125 0.10208333333333333
2 0.5527777777777778 0.45416666666666666 0.08888888888888889 0.09166666666666666
2 0.48333333333333334 0.6458333333333334 0.125 0.16666666666666666
3 0.38125 0.5177083333333333 0.0763888888888889 0.08958333333333333
3 0.2513888888888889 0.3385416666666667 0.05 0.052083333333333336
2 0.31527777777777777 0.3260416666666667 0.05555555555555555 0.06041666666666667
3 0.19444444444444445 0.203125 0.027777777777777776 0.027083333333333334
3 0.14930555555555555 0.13229166666666667 0.018055555555555554 0.01875