2 0.10277777777777777 0.7864583333333334 0.17222222222222222 0.19375
2 0.44513888888888886 0.4270833333333333 0.07083333333333333 0.07916666666666666
2 0.4930555555555556 0.3645833333333333 0.05555555555555555 0.06666666666666667
3 0.10416666666666667 0.6708333333333333 0.14166666666666666 0.12083333333333333
3 0.27847222222222223 0.6114583333333333 0.10972222222222222 0.11041666666666666
3 0.2520833333333333 0.521875 0.09861111111111111 0.08958333333333333
3 0.3645833333333333 0.41770833333333335 0.06527777777777778 0.07291666666666667
3 0.5402777777777777 0.4114583333333333 0.05555555555555555 0.06875
3 0.54375 0.32083333333333336 0.04861111111111111 0.04583333333333333
3 0.6090277777777777 0.24166666666666667 0.03194444444444444 0.0375
3 0.6097222222222223 0.20104166666666667 0.030555555555555555 0.035416666666666666
3 0.7451388888888889 0.2 0.020833333333333332 0.025