3 0.6791666666666667 0.9135416666666667 0.15 0.17291666666666666
3 0.44722222222222224 0.725 0.08888888888888889 0.14583333333333334
3 0.5659722222222222 0.5927083333333333 0.09027777777777778 0.12708333333333333
3 0.3701388888888889 0.4427083333333333 0.059722222222222225 0.07708333333333334
3 0.45555555555555555 0.36666666666666664 0.041666666666666664 0.058333333333333334
3 0.36041666666666666 0.30104166666666665 0.03194444444444444 0.04375
3 0.3972222222222222 0.225 0.030555555555555555 0.041666666666666664
3 0.5347222222222222 0.25625 0.041666666666666664 0.0375
3 0.48333333333333334 0.20416666666666666 0.027777777777777776 0.025
4 0.5534722222222223 0.22291666666666668 0.06527777777777778 0.058333333333333334
3 0.4027777777777778 0.1125 0.016666666666666666 0.016666666666666666