3 0.48333333333333334 0.4395833333333333 0.1 0.125
3 0.7840277777777778 0.38125 0.11805555555555555 0.09166666666666666
3 0.6527777777777778 0.290625 0.09444444444444444 0.07291666666666667
3 0.51875 0.31875 0.08194444444444444 0.08333333333333333
3 0.5597222222222222 0.22083333333333333 0.06944444444444445 0.058333333333333334
3 0.4826388888888889 0.17395833333333333 0.0625 0.06041666666666667
3 0.4152777777777778 0.1375 0.05 0.041666666666666664
3 0.3638888888888889 0.109375 0.044444444444444446 0.035416666666666666
3 0.2604166666666667 0.15 0.043055555555555555 0.041666666666666664
3 0.3173611111111111 0.096875 0.04027777777777778 0.03125
3 0.2833333333333333 0.07395833333333333 0.03333333333333333 0.03125
3 0.175 0.09895833333333333 0.03333333333333333 0.027083333333333334
3 0.2263888888888889 0.06145833333333333 0.03333333333333333 0.027083333333333334
3 0.18194444444444444 0.05625 0.030555555555555555 0.020833333333333332
3 0.14930555555555555 0.046875 0.029166666666666667 0.01875
3 0.11041666666666666 0.06979166666666667 0.034722222222222224 0.022916666666666665