3 0.049305555555555554 0.6708333333333333 0.09027777777777778 0.14166666666666666
2 0.06319444444444444 0.5645833333333333 0.10972222222222222 0.1
3 0.22013888888888888 0.6166666666666667 0.15416666666666667 0.15833333333333333
3 0.2826388888888889 0.49375 0.10138888888888889 0.0875
3 0.30625 0.425 0.09027777777777778 0.058333333333333334
3 0.45902777777777776 0.45 0.08472222222222223 0.075
3 0.48194444444444445 0.35833333333333334 0.06388888888888888 0.05416666666666667
3 0.42569444444444443 0.346875 0.059722222222222225 0.05625
3 0.5618055555555556 0.30520833333333336 0.05138888888888889 0.035416666666666666
3 0.6173611111111111 0.31354166666666666 0.059722222222222225 0.052083333333333336
3 0.6395833333333333 0.24166666666666667 0.05138888888888889 0.041666666666666664
3 0.5972222222222222 0.23020833333333332 0.04722222222222222 0.052083333333333336