2 0.3284722222222222 0.42916666666666664 0.14583333333333334 0.125
3 0.5076388888888889 0.4375 0.10694444444444444 0.1
3 0.48055555555555557 0.3614583333333333 0.08888888888888889 0.07291666666666667
3 0.5930555555555556 0.340625 0.08611111111111111 0.10208333333333333
3 0.56875 0.28854166666666664 0.06527777777777778 0.06875
3 0.6701388888888888 0.27708333333333335 0.059722222222222225 0.06666666666666667
3 0.6256944444444444 0.246875 0.04583333333333333 0.04791666666666667
3 0.7694444444444445 0.178125 0.027777777777777776 0.027083333333333334
4 0.75625 0.140625 0.05138888888888889 0.06458333333333334
3 0.7236111111111111 0.13333333333333333 0.016666666666666666 0.025
3 0.64375 0.09791666666666667 0.020833333333333332 0.020833333333333332
3 0.6694444444444444 0.115625 0.022222222222222223 0.022916666666666665
3 0.6909722222222222 0.115625 0.018055555555555554 0.022916666666666665