2 0.21597222222222223 0.8083333333333333 0.17916666666666667 0.24166666666666667
2 0.18125 0.69375 0.15138888888888888 0.17916666666666667
2 0.08888888888888889 0.6645833333333333 0.14166666666666666 0.16666666666666666
3 0.37222222222222223 0.6520833333333333 0.10277777777777777 0.125
3 0.29583333333333334 0.5770833333333333 0.1111111111111111 0.125
3 0.20694444444444443 0.5604166666666667 0.09444444444444444 0.10416666666666667
3 0.3034722222222222 0.47291666666666665 0.09027777777777778 0.07083333333333333
3 0.4354166666666667 0.4395833333333333 0.07361111111111111 0.075
3 0.3798611111111111 0.4083333333333333 0.05694444444444444 0.058333333333333334
3 0.49375 0.371875 0.05694444444444444 0.07291666666666667
3 0.5381944444444444 0.32916666666666666 0.04027777777777778 0.05
3 0.5791666666666667 0.2760416666666667 0.041666666666666664 0.03958333333333333
3 0.6152777777777778 0.23645833333333333 0.03333333333333333 0.03958333333333333
3 0.6847222222222222 0.33958333333333335 0.03888888888888889 0.05
3 0.6868055555555556 0.16354166666666667 0.018055555555555554 0.01875
3 0.7805555555555556 0.21145833333333333 0.025 0.027083333333333334