3 0.4486111111111111 0.4427083333333333 0.08333333333333333 0.09375
3 0.38472222222222224 0.4270833333333333 0.07777777777777778 0.07916666666666666
3 0.29791666666666666 0.42291666666666666 0.1125 0.08333333333333333
3 0.46319444444444446 0.3625 0.07361111111111111 0.07083333333333333
3 0.5736111111111111 0.353125 0.06666666666666667 0.06458333333333334
3 0.5395833333333333 0.3125 0.05138888888888889 0.05
3 0.36736111111111114 0.36666666666666664 0.05694444444444444 0.0625
3 0.4215277777777778 0.35208333333333336 0.04583333333333333 0.058333333333333334
3 0.5041666666666667 0.30104166666666665 0.06111111111111111 0.04791666666666667
3 0.6520833333333333 0.23645833333333333 0.0375 0.03125
3 0.5965277777777778 0.27395833333333336 0.05138888888888889 0.04791666666666667
3 0.6194444444444445 0.3125 0.05277777777777778 0.029166666666666667
3 0.65625 0.27395833333333336 0.04583333333333333 0.03125
3 0.6916666666666667 0.25 0.03333333333333333 0.03333333333333333