3 0.41875 0.32708333333333334 0.0763888888888889 0.09166666666666666
3 0.50625 0.29583333333333334 0.08194444444444444 0.09166666666666666
3 0.5506944444444445 0.21145833333333333 0.07361111111111111 0.052083333333333336
3 0.46458333333333335 0.1625 0.059722222222222225 0.05416666666666667
3 0.3854166666666667 0.12291666666666666 0.04583333333333333 0.0375
3 0.28402777777777777 0.12395833333333334 0.04583333333333333 0.035416666666666666
3 0.33819444444444446 0.096875 0.043055555555555555 0.03958333333333333
3 0.28055555555555556 0.07604166666666666 0.03888888888888889 0.035416666666666666
3 0.16180555555555556 0.090625 0.0375 0.035416666666666666
3 0.2048611111111111 0.06041666666666667 0.034722222222222224 0.029166666666666667
3 0.14305555555555555 0.04479166666666667 0.027777777777777776 0.022916666666666665