3 0.3402777777777778 0.47291666666666665 0.09722222222222222 0.07916666666666666
3 0.46875 0.45416666666666666 0.08194444444444444 0.07916666666666666
3 0.28055555555555556 0.44166666666666665 0.09444444444444444 0.08333333333333333
3 0.3659722222222222 0.3875 0.07083333333333333 0.075
3 0.42430555555555555 0.4041666666666667 0.08194444444444444 0.07083333333333333
3 0.5388888888888889 0.38229166666666664 0.06666666666666667 0.07291666666666667
3 0.5951388888888889 0.346875 0.05416666666666667 0.052083333333333336
3 0.44513888888888886 0.346875 0.0625 0.06875
3 0.4909722222222222 0.35 0.06527777777777778 0.06666666666666667
3 0.55 0.32083333333333336 0.058333333333333334 0.04583333333333333
3 0.65 0.24791666666666667 0.03611111111111111 0.0375
3 0.6583333333333333 0.20208333333333334 0.041666666666666664 0.0375
3 0.6048611111111111 0.23645833333333333 0.04861111111111111 0.04375