4 0.9138888888888889 0.7239583333333334 0.1638888888888889 0.13541666666666666
2 0.18125 0.8729166666666667 0.15416666666666667 0.2375
3 0.11666666666666667 0.6052083333333333 0.11388888888888889 0.13541666666666666
3 0.34930555555555554 0.38333333333333336 0.059722222222222225 0.07083333333333333
3 0.43194444444444446 0.3614583333333333 0.05277777777777778 0.08541666666666667
3 0.5722222222222222 0.409375 0.04722222222222222 0.06875
3 0.6416666666666667 0.30625 0.03611111111111111 0.04583333333333333
3 0.5118055555555555 0.18333333333333332 0.029166666666666667 0.0375
3 0.46944444444444444 0.18333333333333332 0.027777777777777776 0.029166666666666667
3 0.5298611111111111 0.14583333333333334 0.02361111111111111 0.025
3 0.6041666666666666 0.103125 0.013888888888888888 0.01875
3 0.6965277777777777 0.13854166666666667 0.04027777777777778 0.035416666666666666
3 0.5472222222222223 0.109375 0.016666666666666666 0.01875
3 0.5590277777777778 0.090625 0.015277777777777777 0.014583333333333334
3 0.5222222222222223 0.103125 0.016666666666666666 0.01875