3 0.15763888888888888 0.24895833333333334 0.04583333333333333 0.05625
3 0.24513888888888888 0.16458333333333333 0.02638888888888889 0.025
2 0.5916666666666667 0.3 0.08888888888888889 0.07083333333333333
2 0.5638888888888889 0.5552083333333333 0.15833333333333333 0.19375
3 0.5041666666666667 0.775 0.16944444444444445 0.25
3 0.7430555555555556 0.7854166666666667 0.21666666666666667 0.275
4 0.8618055555555556 0.6697916666666667 0.2763888888888889 0.35625
2 0.9215277777777777 0.5375 0.1486111111111111 0.15416666666666667
2 0.7895833333333333 0.1625 0.0625 0.041666666666666664
3 0.7743055555555556 0.140625 0.043055555555555555 0.027083333333333334
3 0.7430555555555556 0.12916666666666668 0.041666666666666664 0.020833333333333332