2 0.21180555555555555 0.20520833333333333 0.06527777777777778 0.08541666666666667
2 0.28958333333333336 0.196875 0.06527777777777778 0.05625
2 0.3194444444444444 0.31354166666666666 0.09444444444444444 0.10208333333333333
2 0.46875 0.30520833333333336 0.12916666666666668 0.12708333333333333
2 0.4354166666666667 0.4 0.14583333333333334 0.16666666666666666
2 0.7534722222222222 0.703125 0.33194444444444443 0.33125
2 0.9284722222222223 0.6052083333333333 0.14305555555555555 0.23958333333333334
3 0.24583333333333332 0.16458333333333333 0.041666666666666664 0.041666666666666664
3 0.20902777777777778 0.146875 0.0375 0.03125
2 0.15486111111111112 0.15520833333333334 0.04027777777777778 0.04791666666666667
3 0.17569444444444443 0.18229166666666666 0.034722222222222224 0.052083333333333336
2 0.12708333333333333 0.13541666666666666 0.029166666666666667 0.04583333333333333
2 0.1111111111111111 0.12291666666666666 0.027777777777777776 0.041666666666666664