3 0.6847222222222222 0.6427083333333333 0.25833333333333336 0.26875
2 0.8277777777777777 0.5364583333333334 0.24444444444444444 0.23125
2 0.58125 0.37604166666666666 0.1597222222222222 0.15208333333333332
3 0.425 0.27291666666666664 0.10555555555555556 0.0875
3 0.5493055555555556 0.23125 0.10416666666666667 0.06666666666666667
2 0.5381944444444444 0.18229166666666666 0.07916666666666666 0.06041666666666667
2 0.3333333333333333 0.2125 0.08333333333333333 0.08333333333333333
2 0.25069444444444444 0.17291666666666666 0.05416666666666667 0.05
2 0.15694444444444444 0.1125 0.041666666666666664 0.0375
2 0.15694444444444444 0.15833333333333333 0.04722222222222222 0.05
2 0.21041666666666667 0.13958333333333334 0.04583333333333333 0.041666666666666664