2 0.14652777777777778 0.715625 0.24305555555555555 0.24375
4 0.4375 0.496875 0.16111111111111112 0.15625
2 0.38819444444444445 0.434375 0.11805555555555555 0.11875
2 0.8048611111111111 0.44895833333333335 0.0763888888888889 0.10208333333333333
2 0.75 0.36875 0.06388888888888888 0.07083333333333333
2 0.8715277777777778 0.30520833333333336 0.04027777777777778 0.052083333333333336
3 0.6284722222222222 0.20625 0.059722222222222225 0.0375
3 0.7222222222222222 0.19583333333333333 0.03611111111111111 0.03333333333333333
2 0.8173611111111111 0.19479166666666667 0.029166666666666667 0.03125
2 0.21180555555555555 0.265625 0.06805555555555555 0.03958333333333333
2 0.08680555555555555 0.30520833333333336 0.06805555555555555 0.052083333333333336
3 0.05277777777777778 0.325 0.058333333333333334 0.0375