3 0.8868055555555555 0.9666666666666667 0.17916666666666667 0.06666666666666667
2 0.9298611111111111 0.775 0.12916666666666668 0.225
3 0.6430555555555556 0.7447916666666666 0.21388888888888888 0.24791666666666667
2 0.6465277777777778 0.528125 0.1736111111111111 0.18958333333333333
2 0.41944444444444445 0.48333333333333334 0.1361111111111111 0.1625
3 0.4875 0.409375 0.11388888888888889 0.10208333333333333
3 0.3013888888888889 0.38125 0.10555555555555556 0.11666666666666667
2 0.21458333333333332 0.2989583333333333 0.07916666666666666 0.08541666666666667
4 0.3416666666666667 0.2708333333333333 0.14166666666666666 0.175
3 0.2590277777777778 0.259375 0.03194444444444444 0.06041666666666667
3 0.175 0.26145833333333335 0.03611111111111111 0.05625