3 0.26319444444444445 0.30520833333333336 0.05694444444444444 0.08125
2 0.3611111111111111 0.3 0.07777777777777778 0.0875
4 0.3284722222222222 0.43125 0.12083333333333333 0.22083333333333333
2 0.4354166666666667 0.3927083333333333 0.10138888888888889 0.13125
2 0.4222222222222222 0.646875 0.13333333333333333 0.20208333333333334
4 0.61875 0.603125 0.17916666666666667 0.23958333333333334
4 0.8256944444444444 0.771875 0.34305555555555556 0.45625
2 0.5895833333333333 0.8833333333333333 0.22916666666666666 0.23333333333333334
3 0.9083333333333333 0.5395833333333333 0.16666666666666666 0.12916666666666668
3 0.8006944444444445 0.38229166666666664 0.1125 0.07291666666666667
2 0.5472222222222223 0.28125 0.075 0.0625
2 0.5340277777777778 0.221875 0.05694444444444444 0.04375
2 0.4083333333333333 0.16041666666666668 0.03333333333333333 0.029166666666666667
2 0.36041666666666666 0.16666666666666666 0.03194444444444444 0.03333333333333333
2 0.325 0.11458333333333333 0.019444444444444445 0.020833333333333332
3 0.8222222222222222 0.11458333333333333 0.041666666666666664 0.020833333333333332
3 0.8576388888888888 0.12291666666666666 0.043055555555555555 0.020833333333333332
3 0.8006944444444445 0.14583333333333334 0.05416666666666667 0.029166666666666667
3 0.7576388888888889 0.13229166666666667 0.04861111111111111 0.022916666666666665
3 0.7173611111111111 0.11979166666666667 0.03194444444444444 0.01875