2 0.21319444444444444 0.465625 0.24583333333333332 0.22708333333333333
2 0.5270833333333333 0.4375 0.17916666666666667 0.175
2 0.3034722222222222 0.3145833333333333 0.16527777777777777 0.12916666666666668
3 0.17083333333333334 0.3260416666666667 0.16666666666666666 0.11041666666666666
3 0.4847222222222222 0.3125 0.1361111111111111 0.125
3 0.4652777777777778 0.24166666666666667 0.1111111111111111 0.09583333333333334
3 0.475 0.18333333333333332 0.09444444444444444 0.075
3 0.6138888888888889 0.23020833333333332 0.09444444444444444 0.08541666666666667
3 0.5819444444444445 0.15833333333333333 0.06388888888888888 0.058333333333333334
2 0.7409722222222223 0.14583333333333334 0.0625 0.07083333333333333
2 0.8201388888888889 0.16041666666666668 0.04861111111111111 0.05416666666666667
2 0.7965277777777777 0.11979166666666667 0.04583333333333333 0.052083333333333336
2 0.8930555555555556 0.10625 0.030555555555555555 0.0375
2 0.9493055555555555 0.10729166666666666 0.034722222222222224 0.03958333333333333