3 0.3590277777777778 0.4822916666666667 0.09027777777777778 0.09791666666666667
3 0.2972222222222222 0.38333333333333336 0.06111111111111111 0.07083333333333333
3 0.25972222222222224 0.3375 0.05 0.058333333333333334
2 0.22708333333333333 0.49166666666666664 0.0875 0.125
3 0.2013888888888889 0.40520833333333334 0.06111111111111111 0.07291666666666667
2 0.17083333333333334 0.340625 0.05555555555555555 0.07708333333333334
3 0.15069444444444444 0.2989583333333333 0.04027777777777778 0.04791666666666667
3 0.22083333333333333 0.2864583333333333 0.04722222222222222 0.052083333333333336
3 0.1951388888888889 0.23958333333333334 0.0375 0.04583333333333333
3 0.17708333333333334 0.21770833333333334 0.03194444444444444 0.03125
3 0.19930555555555557 0.09791666666666667 0.018055555555555554 0.020833333333333332