3 0.3090277777777778 0.9020833333333333 0.25972222222222224 0.19583333333333333
3 0.2923611111111111 0.484375 0.12638888888888888 0.11041666666666666
3 0.18194444444444444 0.4708333333333333 0.13055555555555556 0.1
3 0.7048611111111112 0.34375 0.07361111111111111 0.07083333333333333
3 0.51875 0.234375 0.0625 0.05625
3 0.6145833333333334 0.21666666666666667 0.05416666666666667 0.05416666666666667
3 0.6208333333333333 0.16875 0.044444444444444446 0.03333333333333333
3 0.6923611111111111 0.1625 0.04027777777777778 0.0375
3 0.6826388888888889 0.13333333333333333 0.03194444444444444 0.025
3 0.7409722222222223 0.13125 0.02638888888888889 0.025
3 0.84375 0.1375 0.02638888888888889 0.029166666666666667
3 0.7222222222222222 0.10833333333333334 0.022222222222222223 0.025
3 0.7506944444444444 0.09583333333333334 0.020833333333333332 0.020833333333333332
3 0.7743055555555556 0.10625 0.02361111111111111 0.020833333333333332
3 0.7930555555555555 0.09479166666666666 0.016666666666666666 0.01875
3 0.9215277777777777 0.09375 0.018055555555555554 0.020833333333333332
3 0.8819444444444444 0.08333333333333333 0.019444444444444445 0.020833333333333332
3 0.94375 0.046875 0.0125 0.014583333333333334
3 0.9215277777777777 0.04479166666666667 0.0125 0.014583333333333334