3 0.2263888888888889 0.6895833333333333 0.21388888888888888 0.225
3 0.08541666666666667 0.6625 0.16527777777777777 0.17916666666666667
3 0.4048611111111111 0.5260416666666666 0.15694444444444444 0.14375
3 0.5083333333333333 0.4510416666666667 0.1111111111111111 0.09791666666666667
2 0.24791666666666667 0.5197916666666667 0.15138888888888888 0.13541666666666666
2 0.1597222222222222 0.49270833333333336 0.1388888888888889 0.11875
2 0.28541666666666665 0.4125 0.10694444444444444 0.1
3 0.44166666666666665 0.334375 0.08888888888888889 0.06458333333333334
3 0.5194444444444445 0.35625 0.09166666666666666 0.06666666666666667
3 0.6069444444444444 0.36666666666666664 0.07777777777777778 0.07083333333333333
2 0.6666666666666666 0.31666666666666665 0.06111111111111111 0.07083333333333333
2 0.5972222222222222 0.30416666666666664 0.06111111111111111 0.05416666666666667
3 0.5784722222222223 0.26875 0.05694444444444444 0.041666666666666664
2 0.7159722222222222 0.271875 0.04583333333333333 0.05625
3 0.38263888888888886 0.43020833333333336 0.14583333333333334 0.10208333333333333
2 0.7756944444444445 0.22604166666666667 0.0375 0.03958333333333333