2 0.4486111111111111 0.696875 0.16944444444444445 0.26458333333333334
2 0.875 0.8989583333333333 0.23333333333333334 0.20208333333333334
2 0.37916666666666665 0.325 0.06944444444444445 0.0875
2 0.2972222222222222 0.21875 0.05555555555555555 0.06666666666666667
2 0.24027777777777778 0.165625 0.030555555555555555 0.03958333333333333
4 0.3958333333333333 0.13645833333333332 0.10277777777777777 0.09375
0 0.8506944444444444 0.46875 0.2986111111111111 0.30833333333333335
0 0.7027777777777777 0.2791666666666667 0.20277777777777778 0.15833333333333333
2 0.2881944444444444 0.115625 0.02361111111111111 0.022916666666666665
2 0.26875 0.10104166666666667 0.02361111111111111 0.022916666666666665
4 0.24027777777777778 0.06458333333333334 0.03611111111111111 0.041666666666666664