3 0.49444444444444446 0.3958333333333333 0.10277777777777777 0.09166666666666666
3 0.2722222222222222 0.375 0.11944444444444445 0.0875
3 0.27361111111111114 0.30520833333333336 0.09722222222222222 0.06458333333333334
3 0.6888888888888889 0.25 0.05555555555555555 0.05
3 0.4875 0.2552083333333333 0.075 0.05625
3 0.4326388888888889 0.23958333333333334 0.06805555555555555 0.05
3 0.575 0.17604166666666668 0.044444444444444446 0.035416666666666666
3 0.6111111111111112 0.18958333333333333 0.058333333333333334 0.04583333333333333
3 0.6416666666666667 0.153125 0.03888888888888889 0.03125
3 0.6923611111111111 0.15729166666666666 0.03194444444444444 0.027083333333333334
3 0.7736111111111111 0.12708333333333333 0.030555555555555555 0.029166666666666667
3 0.7645833333333333 0.11354166666666667 0.02638888888888889 0.027083333333333334
3 0.7930555555555555 0.10520833333333333 0.016666666666666666 0.014583333333333334
3 0.8152777777777778 0.10833333333333334 0.019444444444444445 0.020833333333333332
3 0.8416666666666667 0.09895833333333333 0.019444444444444445 0.014583333333333334
3 0.8638888888888889 0.08958333333333333 0.016666666666666666 0.016666666666666666