3 0.4215277777777778 0.28020833333333334 0.08194444444444444 0.07291666666666667
3 0.36319444444444443 0.26875 0.07916666666666666 0.058333333333333334
3 0.4361111111111111 0.234375 0.06666666666666667 0.04791666666666667
3 0.5118055555555555 0.24166666666666667 0.06805555555555555 0.05416666666666667
3 0.5194444444444445 0.19479166666666667 0.05555555555555555 0.04791666666666667
3 0.5729166666666666 0.20833333333333334 0.05138888888888889 0.05
3 0.6173611111111111 0.19270833333333334 0.04583333333333333 0.04375
3 0.6645833333333333 0.165625 0.04861111111111111 0.035416666666666666
3 0.58125 0.16770833333333332 0.04861111111111111 0.035416666666666666
3 0.6465277777777778 0.15 0.04861111111111111 0.04583333333333333
3 0.7104166666666667 0.15416666666666667 0.0375 0.020833333333333332
3 0.7361111111111112 0.13854166666666667 0.03333333333333333 0.022916666666666665
3 0.7979166666666667 0.11145833333333334 0.02638888888888889 0.022916666666666665
3 0.8597222222222223 0.090625 0.016666666666666666 0.01875
3 0.8222222222222222 0.10729166666666666 0.022222222222222223 0.01875