2 0.30972222222222223 0.9020833333333333 0.21944444444444444 0.19583333333333333
3 0.6298611111111111 0.7645833333333333 0.15416666666666667 0.2
3 0.47708333333333336 0.6375 0.12916666666666668 0.14583333333333334
3 0.7034722222222223 0.5822916666666667 0.10138888888888889 0.13125
3 0.6090277777777777 0.478125 0.09305555555555556 0.10208333333333333
3 0.7840277777777778 0.4375 0.0763888888888889 0.1
3 0.6597222222222222 0.3854166666666667 0.08055555555555556 0.1
3 0.7229166666666667 0.2989583333333333 0.04861111111111111 0.052083333333333336
3 0.8236111111111111 0.32708333333333334 0.05555555555555555 0.058333333333333334
3 0.7513888888888889 0.25729166666666664 0.05 0.04375
3 0.7715277777777778 0.215625 0.043055555555555555 0.04375
3 0.8006944444444445 0.190625 0.04027777777777778 0.04791666666666667
3 0.8673611111111111 0.20104166666666667 0.0375 0.03125
3 0.8451388888888889 0.271875 0.04583333333333333 0.052083333333333336
3 0.8638888888888889 0.23333333333333334 0.041666666666666664 0.0375