3 0.4097222222222222 0.5791666666666667 0.10833333333333334 0.12916666666666668
3 0.18611111111111112 0.3729166666666667 0.06388888888888888 0.09583333333333334
3 0.21805555555555556 0.26875 0.05 0.058333333333333334
3 0.15763888888888888 0.178125 0.029166666666666667 0.03125
3 0.2902777777777778 0.15520833333333334 0.027777777777777776 0.027083333333333334
3 0.12430555555555556 0.128125 0.020833333333333332 0.022916666666666665
3 0.16041666666666668 0.0875 0.015277777777777777 0.016666666666666666
3 0.10833333333333334 0.103125 0.019444444444444445 0.01875
3 0.09791666666666667 0.08958333333333333 0.015277777777777777 0.0125
3 0.0875 0.06666666666666667 0.013888888888888888 0.016666666666666666
3 0.07013888888888889 0.07604166666666666 0.0125 0.014583333333333334