3 0.7069444444444445 0.6479166666666667 0.08888888888888889 0.1125
2 0.5798611111111112 0.6114583333333333 0.08472222222222223 0.14791666666666667
2 0.44513888888888886 0.4979166666666667 0.04861111111111111 0.09583333333333334
3 0.49583333333333335 0.36666666666666664 0.03888888888888889 0.058333333333333334
3 0.6236111111111111 0.3625 0.04722222222222222 0.05
3 0.5243055555555556 0.27395833333333336 0.02638888888888889 0.03125
3 0.5027777777777778 0.21666666666666667 0.022222222222222223 0.029166666666666667
3 0.5340277777777778 0.20520833333333333 0.018055555555555554 0.022916666666666665
3 0.4340277777777778 0.2375 0.02361111111111111 0.025
3 0.39305555555555555 0.21875 0.019444444444444445 0.025
3 0.39861111111111114 0.18958333333333333 0.019444444444444445 0.020833333333333332
3 0.43333333333333335 0.20729166666666668 0.022222222222222223 0.022916666666666665
3 0.40347222222222223 0.15104166666666666 0.015277777777777777 0.01875
3 0.42986111111111114 0.178125 0.020833333333333332 0.01875
3 0.4270833333333333 0.16041666666666668 0.018055555555555554 0.016666666666666666
3 0.4263888888888889 0.13020833333333334 0.016666666666666666 0.014583333333333334
3 0.4236111111111111 0.11354166666666667 0.011111111111111112 0.014583333333333334
3 0.5069444444444444 0.16458333333333333 0.013888888888888888 0.0125