3 0.3736111111111111 0.7208333333333333 0.19444444444444445 0.20416666666666666
3 0.4111111111111111 0.2875 0.07222222222222222 0.058333333333333334
3 0.36944444444444446 0.2635416666666667 0.07222222222222222 0.06458333333333334
3 0.43125 0.23333333333333334 0.04861111111111111 0.04583333333333333
3 0.48055555555555557 0.2520833333333333 0.06944444444444445 0.06666666666666667
3 0.6625 0.2677083333333333 0.06111111111111111 0.05625
4 0.7555555555555555 0.24479166666666666 0.1388888888888889 0.16458333333333333
2 0.7555555555555555 0.18645833333333334 0.03333333333333333 0.03958333333333333
3 0.5444444444444444 0.21979166666666666 0.05555555555555555 0.04791666666666667
3 0.5006944444444444 0.203125 0.05416666666666667 0.04791666666666667
3 0.5465277777777777 0.184375 0.03194444444444444 0.022916666666666665
3 0.6013888888888889 0.19375 0.044444444444444446 0.041666666666666664
3 0.65 0.178125 0.03611111111111111 0.03958333333333333
2 0.5590277777777778 0.18125 0.043055555555555555 0.041666666666666664
2 0.6020833333333333 0.1625 0.04583333333333333 0.03333333333333333
2 0.6465277777777778 0.14791666666666667 0.04027777777777778 0.029166666666666667
2 0.7159722222222222 0.14791666666666667 0.0375 0.0375