2 0.6701388888888888 0.7864583333333334 0.08472222222222223 0.15625
3 0.45416666666666666 0.32916666666666666 0.044444444444444446 0.0625
3 0.5944444444444444 0.309375 0.03333333333333333 0.04791666666666667
3 0.6555555555555556 0.32395833333333335 0.03333333333333333 0.04375
3 0.5909722222222222 0.21875 0.02361111111111111 0.029166666666666667
3 0.6458333333333334 0.21458333333333332 0.027777777777777776 0.0375
3 0.6361111111111111 0.134375 0.019444444444444445 0.01875
3 0.6111111111111112 0.1125 0.013888888888888888 0.016666666666666666
3 0.6152777777777778 0.08541666666666667 0.011111111111111112 0.0125
3 0.5951388888888889 0.06875 0.015277777777777777 0.020833333333333332
3 0.5347222222222222 0.109375 0.013888888888888888 0.01875