2 0.3527777777777778 0.3072916666666667 0.05555555555555555 0.07291666666666667
2 0.3458333333333333 0.5041666666666667 0.10833333333333334 0.18333333333333332
2 0.4048611111111111 0.3625 0.07916666666666666 0.10416666666666667
2 0.48333333333333334 0.4822916666666667 0.11944444444444445 0.15625
3 0.6777777777777778 0.50625 0.14444444444444443 0.14166666666666666
4 0.6513888888888889 0.6958333333333333 0.25 0.30416666666666664
2 0.8819444444444444 0.6791666666666667 0.20277777777777778 0.225
3 0.4638888888888889 0.7635416666666667 0.18333333333333332 0.28958333333333336
3 0.79375 0.159375 0.05416666666666667 0.03125
2 0.8347222222222223 0.11666666666666667 0.03888888888888889 0.025
2 0.6833333333333333 0.13020833333333334 0.03611111111111111 0.027083333333333334