2 0.3277777777777778 0.35208333333333336 0.09722222222222222 0.09583333333333334
2 0.4548611111111111 0.34270833333333334 0.09305555555555556 0.09791666666666667
3 0.5055555555555555 0.23645833333333333 0.058333333333333334 0.06041666666666667
3 0.6451388888888889 0.209375 0.04861111111111111 0.035416666666666666
3 0.60625 0.18958333333333333 0.0375 0.03333333333333333
3 0.6638888888888889 0.15208333333333332 0.03333333333333333 0.03333333333333333
3 0.6930555555555555 0.13229166666666667 0.03333333333333333 0.027083333333333334
3 0.8409722222222222 0.15208333333333332 0.03194444444444444 0.029166666666666667
3 0.7784722222222222 0.103125 0.02638888888888889 0.027083333333333334
3 0.7569444444444444 0.09375 0.016666666666666666 0.025
3 0.9215277777777777 0.096875 0.020833333333333332 0.01875
3 0.8826388888888889 0.09479166666666666 0.020833333333333332 0.01875
3 0.8263888888888888 0.06041666666666667 0.016666666666666666 0.016666666666666666