2 0.3159722222222222 0.259375 0.09861111111111111 0.09375
2 0.38472222222222224 0.26458333333333334 0.1 0.0875
2 0.5298611111111111 0.321875 0.11527777777777778 0.09791666666666667
3 0.5166666666666667 0.21875 0.07222222222222222 0.058333333333333334
2 0.46805555555555556 0.20104166666666667 0.06666666666666667 0.06041666666666667
3 0.5291666666666667 0.17395833333333333 0.05555555555555555 0.03958333333333333
3 0.7034722222222223 0.18854166666666666 0.04861111111111111 0.04791666666666667
2 0.7958333333333333 0.13541666666666666 0.03888888888888889 0.041666666666666664
2 0.74375 0.13125 0.029166666666666667 0.0375
2 0.7430555555555556 0.09791666666666667 0.025 0.029166666666666667
2 0.7027777777777777 0.08333333333333333 0.022222222222222223 0.020833333333333332