2 0.7965277777777777 0.8854166666666666 0.1375 0.19166666666666668
2 0.4722222222222222 0.603125 0.06388888888888888 0.12708333333333333
2 0.6861111111111111 0.4708333333333333 0.06944444444444445 0.07916666666666666
3 0.5604166666666667 0.3729166666666667 0.043055555555555555 0.058333333333333334
3 0.38263888888888886 0.40520833333333334 0.0375 0.06458333333333334
3 0.43680555555555556 0.32708333333333334 0.03194444444444444 0.05416666666666667
3 0.5826388888888889 0.30104166666666665 0.034722222222222224 0.04375
3 0.5152777777777777 0.265625 0.027777777777777776 0.04375
3 0.5069444444444444 0.20625 0.022222222222222223 0.029166666666666667
3 0.48541666666666666 0.18333333333333332 0.015277777777777777 0.020833333333333332
3 0.5055555555555555 0.1625 0.013888888888888888 0.020833333333333332
3 0.46944444444444444 0.14791666666666667 0.011111111111111112 0.016666666666666666
3 0.4215277777777778 0.153125 0.009722222222222222 0.010416666666666666