2 0.3861111111111111 0.5572916666666666 0.12777777777777777 0.18958333333333333
3 0.84375 0.8916666666666667 0.26805555555555555 0.21666666666666667
4 0.7993055555555556 0.4322916666666667 0.1875 0.15625
4 0.4465277777777778 0.42291666666666666 0.09305555555555556 0.10416666666666667
2 0.5465277777777777 0.27291666666666664 0.09027777777777778 0.07916666666666666
2 0.5902777777777778 0.25625 0.06111111111111111 0.05416666666666667
2 0.46041666666666664 0.18333333333333332 0.05694444444444444 0.05416666666666667
2 0.33194444444444443 0.2604166666666667 0.05 0.06666666666666667
3 0.27708333333333335 0.20520833333333333 0.04027777777777778 0.035416666666666666
3 0.24930555555555556 0.17083333333333334 0.03194444444444444 0.03333333333333333
3 0.2375 0.16145833333333334 0.025 0.035416666666666666
3 0.19166666666666668 0.15833333333333333 0.025 0.03333333333333333
3 0.1875 0.08958333333333333 0.022222222222222223 0.020833333333333332