2 0.2013888888888889 0.928125 0.25277777777777777 0.14375
2 0.50625 0.6822916666666666 0.15416666666666667 0.17291666666666666
2 0.6222222222222222 0.846875 0.16666666666666666 0.23541666666666666
3 0.7131944444444445 0.6364583333333333 0.11527777777777778 0.14791666666666667
3 0.6173611111111111 0.5260416666666666 0.09861111111111111 0.10208333333333333
3 0.6722222222222223 0.4322916666666667 0.08055555555555556 0.08541666666666667
2 0.7888888888888889 0.4583333333333333 0.08333333333333333 0.10833333333333334
2 0.7368055555555556 0.35104166666666664 0.07083333333333333 0.07708333333333334
2 0.8222222222222222 0.371875 0.06388888888888888 0.08541666666666667
3 0.8548611111111111 0.31875 0.04861111111111111 0.05
2 0.7756944444444445 0.296875 0.04861111111111111 0.052083333333333336
2 0.8041666666666667 0.25625 0.05 0.05416666666666667
3 0.8673611111111111 0.27708333333333335 0.043055555555555555 0.05
3 0.8888888888888888 0.234375 0.03888888888888889 0.03958333333333333
3 0.8236111111111111 0.221875 0.03888888888888889 0.03958333333333333
3 0.8930555555555556 0.20520833333333333 0.030555555555555555 0.03125
3 0.8472222222222222 0.20208333333333334 0.027777777777777776 0.03333333333333333
2 0.8458333333333333 0.09479166666666666 0.016666666666666666 0.027083333333333334