4 0.45 0.353125 0.3055555555555556 0.27291666666666664
3 0.5243055555555556 0.5145833333333333 0.10972222222222222 0.10833333333333334
2 0.5868055555555556 0.5739583333333333 0.15416666666666667 0.18958333333333333
2 0.6847222222222222 0.4239583333333333 0.09722222222222222 0.12291666666666666
3 0.7541666666666667 0.32395833333333335 0.05555555555555555 0.06041666666666667
2 0.8305555555555556 0.23020833333333332 0.05277777777777778 0.052083333333333336
3 0.8486111111111111 0.19479166666666667 0.030555555555555555 0.03958333333333333
3 0.9104166666666667 0.17916666666666667 0.02361111111111111 0.025
3 0.8743055555555556 0.16666666666666666 0.02361111111111111 0.029166666666666667
3 0.88125 0.14270833333333333 0.020833333333333332 0.022916666666666665
3 0.9270833333333334 0.14583333333333334 0.020833333333333332 0.025
3 0.9020833333333333 0.11458333333333333 0.018055555555555554 0.020833333333333332