4 0.33194444444444443 0.37083333333333335 0.14722222222222223 0.1625
3 0.41041666666666665 0.421875 0.10138888888888889 0.10625
3 0.51875 0.32916666666666666 0.07916666666666666 0.075
2 0.5722222222222222 0.271875 0.06388888888888888 0.07291666666666667
3 0.6256944444444444 0.23854166666666668 0.04583333333333333 0.04791666666666667
3 0.5201388888888889 0.2125 0.05416666666666667 0.041666666666666664
3 0.6208333333333333 0.15729166666666666 0.041666666666666664 0.035416666666666666
3 0.7305555555555555 0.134375 0.030555555555555555 0.027083333333333334
2 0.7236111111111111 0.09375 0.027777777777777776 0.0375
3 0.5298611111111111 0.5791666666666667 0.12083333333333333 0.12916666666666668
2 0.7111111111111111 0.46770833333333334 0.08888888888888889 0.12291666666666666