2 0.4097222222222222 0.4197916666666667 0.11388888888888889 0.11875
2 0.3145833333333333 0.409375 0.10694444444444444 0.09791666666666667
2 0.5111111111111111 0.32916666666666666 0.08611111111111111 0.09583333333333334
2 0.41458333333333336 0.33645833333333336 0.0875 0.08541666666666667
2 0.5729166666666666 0.27708333333333335 0.06527777777777778 0.06666666666666667
2 0.6125 0.23854166666666668 0.05 0.06041666666666667
3 0.6458333333333334 0.21145833333333333 0.041666666666666664 0.04375
2 0.6715277777777777 0.18958333333333333 0.0375 0.041666666666666664
2 0.6965277777777777 0.16145833333333334 0.0375 0.03958333333333333
3 0.7243055555555555 0.121875 0.029166666666666667 0.027083333333333334
2 0.5993055555555555 0.16458333333333333 0.04583333333333333 0.04583333333333333
4 0.7486111111111111 0.3885416666666667 0.1 0.17708333333333334