2 0.2520833333333333 0.384375 0.06805555555555555 0.08125
2 0.2881944444444444 0.3333333333333333 0.04583333333333333 0.05416666666666667
2 0.3368055555555556 0.37916666666666665 0.05694444444444444 0.0875
3 0.3590277777777778 0.3645833333333333 0.02638888888888889 0.058333333333333334
3 0.39444444444444443 0.29583333333333334 0.03333333333333333 0.05416666666666667
2 0.42430555555555555 0.38125 0.05694444444444444 0.08333333333333333
2 0.4444444444444444 0.32083333333333336 0.044444444444444446 0.0625
3 0.4625 0.24166666666666667 0.030555555555555555 0.0375
4 0.48680555555555555 0.15208333333333332 0.02361111111111111 0.04583333333333333
3 0.4638888888888889 0.13541666666666666 0.016666666666666666 0.020833333333333332
3 0.8791666666666667 0.3333333333333333 0.1 0.04583333333333333