4 0.3402777777777778 0.6791666666666667 0.22777777777777777 0.42083333333333334
3 0.29375 0.4583333333333333 0.0625 0.05
2 0.48680555555555555 0.521875 0.09305555555555556 0.12291666666666666
2 0.425 0.3572916666666667 0.05 0.08125
4 0.36666666666666664 0.33645833333333336 0.05555555555555555 0.06458333333333334
2 0.44583333333333336 0.28854166666666664 0.041666666666666664 0.06041666666666667
3 0.4583333333333333 0.246875 0.027777777777777776 0.035416666666666666
3 0.3958333333333333 0.26666666666666666 0.030555555555555555 0.041666666666666664
3 0.40555555555555556 0.2520833333333333 0.03333333333333333 0.0375
4 0.4423611111111111 0.16770833333333332 0.03194444444444444 0.07291666666666667
3 0.4895833333333333 0.14270833333333333 0.015277777777777777 0.01875
3 0.5493055555555556 0.16979166666666667 0.018055555555555554 0.01875