2 0.1625 0.11145833333333334 0.019444444444444445 0.022916666666666665
2 0.15555555555555556 0.08541666666666667 0.016666666666666666 0.025
3 0.13333333333333333 0.09583333333333334 0.019444444444444445 0.016666666666666666
3 0.20416666666666666 0.15 0.027777777777777776 0.029166666666666667
2 0.2763888888888889 0.16875 0.03333333333333333 0.0375
2 0.35 0.2760416666666667 0.06111111111111111 0.06875
2 0.39305555555555555 0.25104166666666666 0.05555555555555555 0.052083333333333336
2 0.33611111111111114 0.33958333333333335 0.06944444444444445 0.0875
2 0.4486111111111111 0.4635416666666667 0.1 0.11875
3 0.6902777777777778 0.47708333333333336 0.13333333333333333 0.10833333333333334
3 0.9388888888888889 0.44479166666666664 0.11388888888888889 0.09375