4 0.29305555555555557 0.290625 0.13333333333333333 0.21041666666666667
2 0.14444444444444443 0.4739583333333333 0.10833333333333334 0.12291666666666666
2 0.3 0.7208333333333333 0.2 0.1375
2 0.59375 0.9020833333333333 0.27361111111111114 0.1625
3 0.4215277777777778 0.38645833333333335 0.05416666666666667 0.07708333333333334
2 0.34444444444444444 0.3572916666666667 0.06666666666666667 0.08125
2 0.37569444444444444 0.30416666666666664 0.05138888888888889 0.0625
2 0.44166666666666665 0.30625 0.04722222222222222 0.07083333333333333
3 0.4486111111111111 0.271875 0.03611111111111111 0.04375
3 0.41041666666666665 0.22708333333333333 0.034722222222222224 0.041666666666666664
3 0.36666666666666664 0.22083333333333333 0.022222222222222223 0.03333333333333333
3 0.42430555555555555 0.20520833333333333 0.03194444444444444 0.035416666666666666
3 0.46805555555555556 0.20104166666666667 0.022222222222222223 0.027083333333333334
3 0.4340277777777778 0.18125 0.02361111111111111 0.029166666666666667
4 0.475 0.08854166666666667 0.022222222222222223 0.03958333333333333
2 0.7215277777777778 0.48333333333333334 0.12083333333333333 0.09166666666666666
3 0.5597222222222222 0.19270833333333334 0.025 0.03125
4 0.51875 0.08645833333333333 0.015277777777777777 0.035416666666666666