0 0.6708333333333333 0.4875 0.25555555555555554 0.24166666666666667
2 0.4708333333333333 0.434375 0.06666666666666667 0.06875
3 0.8576388888888888 0.8708333333333333 0.19583333333333333 0.20833333333333334
2 0.27847222222222223 0.3572916666666667 0.04583333333333333 0.05625
3 0.20416666666666666 0.3697916666666667 0.03888888888888889 0.05625
3 0.25 0.3177083333333333 0.030555555555555555 0.035416666666666666
3 0.18541666666666667 0.32708333333333334 0.029166666666666667 0.04583333333333333
2 0.22916666666666666 0.275 0.030555555555555555 0.041666666666666664
3 0.1763888888888889 0.29583333333333334 0.03333333333333333 0.03333333333333333
2 0.16875 0.25104166666666666 0.02638888888888889 0.035416666666666666
3 0.21180555555555555 0.25 0.02361111111111111 0.029166666666666667
3 0.2076388888888889 0.22395833333333334 0.020833333333333332 0.022916666666666665
3 0.15555555555555556 0.196875 0.022222222222222223 0.027083333333333334
3 0.18472222222222223 0.184375 0.016666666666666666 0.01875
3 0.15 0.17604166666666668 0.013888888888888888 0.014583333333333334