3 0.8069444444444445 0.8822916666666667 0.2222222222222222 0.23541666666666666
4 0.5972222222222222 0.6229166666666667 0.16111111111111112 0.18333333333333332
2 0.4041666666666667 0.39479166666666665 0.07222222222222222 0.08958333333333333
2 0.4263888888888889 0.340625 0.06111111111111111 0.052083333333333336
2 0.4486111111111111 0.2916666666666667 0.058333333333333334 0.058333333333333334
2 0.2833333333333333 0.2520833333333333 0.03333333333333333 0.041666666666666664
3 0.2847222222222222 0.215625 0.016666666666666666 0.01875
2 0.23958333333333334 0.20625 0.03194444444444444 0.041666666666666664
3 0.29097222222222224 0.21041666666666667 0.029166666666666667 0.029166666666666667
2 0.2604166666666667 0.175 0.03194444444444444 0.029166666666666667
2 0.22430555555555556 0.15 0.02361111111111111 0.020833333333333332
3 0.23958333333333334 0.13854166666666667 0.020833333333333332 0.022916666666666665
3 0.14097222222222222 0.159375 0.02361111111111111 0.022916666666666665