3 0.5861111111111111 0.809375 0.09444444444444444 0.16041666666666668
2 0.44166666666666665 0.696875 0.08611111111111111 0.19791666666666666
2 0.90625 0.709375 0.16527777777777777 0.15625
3 0.65 0.5208333333333334 0.08611111111111111 0.09583333333333334
3 0.5666666666666667 0.34791666666666665 0.03888888888888889 0.04583333333333333
2 0.5486111111111112 0.2875 0.03888888888888889 0.05416666666666667
2 0.6083333333333333 0.29270833333333335 0.041666666666666664 0.04791666666666667
2 0.4534722222222222 0.2989583333333333 0.029166666666666667 0.03958333333333333
2 0.44513888888888886 0.3614583333333333 0.0375 0.06458333333333334
3 0.3923611111111111 0.2989583333333333 0.029166666666666667 0.035416666666666666
3 0.40625 0.22708333333333333 0.02361111111111111 0.029166666666666667
3 0.4270833333333333 0.171875 0.018055555555555554 0.01875