2 0.375 0.7510416666666667 0.1361111111111111 0.2520833333333333
4 0.8590277777777777 0.8635416666666667 0.2791666666666667 0.27291666666666664
2 0.9125 0.6395833333333333 0.15833333333333333 0.12916666666666668
2 0.6479166666666667 0.5229166666666667 0.12083333333333333 0.10833333333333334
4 0.5034722222222222 0.32083333333333336 0.08194444444444444 0.0875
4 0.45625 0.29791666666666666 0.05694444444444444 0.07916666666666666
3 0.3763888888888889 0.29270833333333335 0.04722222222222222 0.04791666666666667
3 0.3090277777777778 0.23541666666666666 0.034722222222222224 0.03333333333333333
2 0.26458333333333334 0.18125 0.03194444444444444 0.05
2 0.21319444444444444 0.14375 0.02361111111111111 0.029166666666666667
2 0.24097222222222223 0.13854166666666667 0.02361111111111111 0.022916666666666665
3 0.3541666666666667 0.16458333333333333 0.044444444444444446 0.025
3 0.47291666666666665 0.18333333333333332 0.029166666666666667 0.03333333333333333
2 0.5090277777777777 0.178125 0.03194444444444444 0.03125
3 0.5361111111111111 0.17708333333333334 0.027777777777777776 0.029166666666666667
3 0.5576388888888889 0.17291666666666666 0.02638888888888889 0.025
3 0.5881944444444445 0.17291666666666666 0.034722222222222224 0.025