2 0.6111111111111112 0.2604166666666667 0.06111111111111111 0.0625
3 0.76875 0.115625 0.03194444444444444 0.03125
3 0.8354166666666667 0.096875 0.020833333333333332 0.022916666666666665
3 0.8451388888888889 0.16354166666666667 0.029166666666666667 0.027083333333333334
2 0.8847222222222222 0.19791666666666666 0.03611111111111111 0.041666666666666664
3 0.6527777777777778 0.3958333333333333 0.07222222222222222 0.0625
2 0.5173611111111112 0.5302083333333333 0.12638888888888888 0.13125
3 0.6263888888888889 0.640625 0.12222222222222222 0.14791666666666667
2 0.8958333333333334 0.09791666666666667 0.022222222222222223 0.03333333333333333
3 0.9208333333333333 0.13125 0.022222222222222223 0.020833333333333332
2 0.9347222222222222 0.09895833333333333 0.019444444444444445 0.01875