3 0.125 0.7145833333333333 0.23333333333333334 0.17083333333333334
3 0.2423611111111111 0.38333333333333336 0.11805555555555555 0.09166666666666666
1 0.40208333333333335 0.40520833333333334 0.04583333333333333 0.08125
1 0.5027777777777778 0.33645833333333336 0.08611111111111111 0.09375
3 0.6548611111111111 0.3416666666666667 0.06527777777777778 0.07083333333333333
3 0.7340277777777777 0.44583333333333336 0.0763888888888889 0.1
3 0.8076388888888889 0.24791666666666667 0.0375 0.05
3 0.7652777777777777 0.18125 0.03333333333333333 0.03333333333333333
3 0.8104166666666667 0.12708333333333333 0.02638888888888889 0.025
3 0.8611111111111112 0.11770833333333333 0.019444444444444445 0.022916666666666665
3 0.8381944444444445 0.096875 0.020833333333333332 0.01875
3 0.875 0.08645833333333333 0.016666666666666666 0.01875
3 0.6208333333333333 0.23229166666666667 0.05555555555555555 0.052083333333333336
3 0.45 0.25729166666666664 0.06944444444444445 0.06041666666666667
3 0.5590277777777778 0.18854166666666666 0.043055555555555555 0.04375
3 0.6152777777777778 0.153125 0.04722222222222222 0.03958333333333333
3 0.6576388888888889 0.13333333333333333 0.04027777777777778 0.025
3 0.6923611111111111 0.10729166666666666 0.02638888888888889 0.027083333333333334
2 0.029166666666666667 0.49375 0.05555555555555555 0.10833333333333334