4 0.15069444444444444 0.11145833333333334 0.02361111111111111 0.04375
3 0.21458333333333332 0.11666666666666667 0.018055555555555554 0.016666666666666666
3 0.2534722222222222 0.175 0.02638888888888889 0.025
3 0.35138888888888886 0.14895833333333333 0.04722222222222222 0.01875
2 0.475 0.178125 0.03333333333333333 0.027083333333333334
3 0.5333333333333333 0.175 0.03611111111111111 0.025
2 0.5854166666666667 0.16979166666666667 0.034722222222222224 0.027083333333333334
3 0.6152777777777778 0.17291666666666666 0.022222222222222223 0.020833333333333332
3 0.6409722222222223 0.17083333333333334 0.02638888888888889 0.020833333333333332
3 0.6631944444444444 0.16875 0.02638888888888889 0.020833333333333332
3 0.6868055555555556 0.16770833333333332 0.029166666666666667 0.022916666666666665
4 0.85 0.7229166666666667 0.3 0.3958333333333333