2 0.8354166666666667 0.459375 0.12083333333333333 0.09791666666666667
3 0.5729166666666666 0.5770833333333333 0.12361111111111112 0.1375
3 0.4652777777777778 0.4625 0.08611111111111111 0.09166666666666666
2 0.3972222222222222 0.5072916666666667 0.09166666666666666 0.11875
3 0.3 0.5708333333333333 0.08611111111111111 0.125
3 0.2361111111111111 0.396875 0.05555555555555555 0.07708333333333334
3 0.3298611111111111 0.4114583333333333 0.05694444444444444 0.06875
3 0.38472222222222224 0.38333333333333336 0.058333333333333334 0.0625
3 0.27708333333333335 0.321875 0.04861111111111111 0.052083333333333336
2 0.19444444444444445 0.3072916666666667 0.04722222222222222 0.06458333333333334
3 0.2673611111111111 0.23958333333333334 0.0375 0.03333333333333333
3 0.17916666666666667 0.24375 0.030555555555555555 0.041666666666666664