3 0.15694444444444444 0.8635416666666667 0.225 0.13125
2 0.4576388888888889 0.41041666666666665 0.043055555555555555 0.07083333333333333
2 0.5201388888888889 0.4041666666666667 0.043055555555555555 0.07916666666666666
3 0.5902777777777778 0.41041666666666665 0.04722222222222222 0.0625
3 0.5090277777777777 0.33958333333333335 0.034722222222222224 0.04583333333333333
3 0.44513888888888886 0.33125 0.029166666666666667 0.04583333333333333
2 0.5034722222222222 0.2989583333333333 0.029166666666666667 0.03958333333333333
3 0.4465277777777778 0.24583333333333332 0.029166666666666667 0.03333333333333333
2 0.6277777777777778 0.26145833333333335 0.03611111111111111 0.03958333333333333
3 0.6722222222222223 0.3541666666666667 0.05555555555555555 0.04583333333333333
2 0.8131944444444444 0.471875 0.09027777777777778 0.06875
3 0.5604166666666667 0.16770833333333332 0.015277777777777777 0.01875