2 0.5284722222222222 0.51875 0.10972222222222222 0.13333333333333333
2 0.54375 0.42916666666666664 0.09027777777777778 0.075
3 0.6736111111111112 0.46041666666666664 0.10277777777777777 0.075
2 0.39652777777777776 0.38125 0.06527777777777778 0.07916666666666666
4 0.47291666666666665 0.296875 0.08472222222222223 0.09375
3 0.3173611111111111 0.23958333333333334 0.0375 0.03333333333333333
4 0.42430555555555555 0.27291666666666664 0.05138888888888889 0.06666666666666667
3 0.23819444444444443 0.165625 0.020833333333333332 0.022916666666666665
3 0.21388888888888888 0.140625 0.016666666666666666 0.01875
3 0.15763888888888888 0.13645833333333332 0.015277777777777777 0.01875
3 0.1361111111111111 0.15 0.019444444444444445 0.016666666666666666
3 0.19444444444444445 0.121875 0.013888888888888888 0.014583333333333334
3 0.1951388888888889 0.10208333333333333 0.0125 0.016666666666666666
3 0.17152777777777778 0.1 0.0125 0.0125