3 0.3715277777777778 0.5083333333333333 0.05694444444444444 0.0875
2 0.36666666666666664 0.3802083333333333 0.041666666666666664 0.06458333333333334
2 0.38263888888888886 0.30833333333333335 0.04583333333333333 0.07083333333333333
3 0.38125 0.23229166666666667 0.02638888888888889 0.03125
3 0.3819444444444444 0.2625 0.030555555555555555 0.025
3 0.3902777777777778 0.21041666666666667 0.022222222222222223 0.025
3 0.38819444444444445 0.171875 0.020833333333333332 0.022916666666666665
3 0.39166666666666666 0.14895833333333333 0.022222222222222223 0.01875
3 0.3909722222222222 0.13541666666666666 0.020833333333333332 0.020833333333333332
3 0.3902777777777778 0.11458333333333333 0.019444444444444445 0.020833333333333332
4 0.35625 0.834375 0.12083333333333333 0.33125