4 0.37083333333333335 0.8114583333333333 0.08611111111111111 0.24375
2 0.5493055555555556 0.7916666666666666 0.10138888888888889 0.2
4 0.8340277777777778 0.8625 0.30972222222222223 0.275
2 0.3701388888888889 0.40520833333333334 0.059722222222222225 0.08541666666666667
3 0.37569444444444444 0.3145833333333333 0.0375 0.05
3 0.38333333333333336 0.24375 0.027777777777777776 0.041666666666666664
3 0.4798611111111111 0.21666666666666667 0.02638888888888889 0.0375
3 0.3875 0.19270833333333334 0.022222222222222223 0.027083333333333334
3 0.46458333333333335 0.17916666666666667 0.020833333333333332 0.025
2 0.38958333333333334 0.13020833333333334 0.020833333333333332 0.027083333333333334
3 0.43819444444444444 0.11041666666666666 0.0125 0.016666666666666666