2 0.19305555555555556 0.8125 0.3055555555555556 0.375
2 0.19166666666666668 0.671875 0.2111111111111111 0.21041666666666667
3 0.36944444444444446 0.5125 0.1527777777777778 0.15
2 0.44375 0.58125 0.15416666666666667 0.19166666666666668
3 0.5506944444444445 0.459375 0.12083333333333333 0.12708333333333333
3 0.5034722222222222 0.390625 0.10138888888888889 0.08958333333333333
3 0.6444444444444445 0.375 0.08055555555555556 0.09583333333333334
2 0.6013888888888889 0.3104166666666667 0.06944444444444445 0.07916666666666666
2 0.65 0.26666666666666666 0.05555555555555555 0.06666666666666667
2 0.6986111111111111 0.23020833333333332 0.04722222222222222 0.04791666666666667
2 0.7291666666666666 0.196875 0.041666666666666664 0.04791666666666667