4 0.05277777777777778 0.2791666666666667 0.09166666666666666 0.0625
4 0.39166666666666666 0.16875 0.07222222222222222 0.0375
2 0.2701388888888889 0.14166666666666666 0.06527777777777778 0.0375
3 0.78125 0.3104166666666667 0.0625 0.0625
2 0.8958333333333334 0.22708333333333333 0.044444444444444446 0.05416666666666667
2 0.9416666666666667 0.13645833333333332 0.03333333333333333 0.035416666666666666
3 0.4895833333333333 0.1375 0.05694444444444444 0.025
3 0.5083333333333333 0.12083333333333333 0.04722222222222222 0.025
3 0.30972222222222223 0.134375 0.05 0.03125
3 0.9625 0.04583333333333333 0.019444444444444445 0.020833333333333332
3 0.8840277777777777 0.040625 0.0125 0.014583333333333334
3 0.7298611111111111 0.08958333333333333 0.04583333333333333 0.020833333333333332