2 0.24930555555555556 0.146875 0.059722222222222225 0.035416666666666666
3 0.31527777777777777 0.134375 0.058333333333333334 0.03125
3 0.42569444444444443 0.15 0.08194444444444444 0.0375
3 0.65625 0.14375 0.04027777777777778 0.03333333333333333
3 0.7590277777777777 0.11354166666666667 0.034722222222222224 0.03125
2 0.9111111111111111 0.175 0.041666666666666664 0.04583333333333333
2 0.86875 0.11458333333333333 0.029166666666666667 0.03333333333333333
2 0.8861111111111111 0.25104166666666666 0.041666666666666664 0.04375
2 0.5222222222222223 0.11770833333333333 0.04722222222222222 0.027083333333333334
3 0.4722222222222222 0.14270833333333333 0.041666666666666664 0.03125
3 0.49375 0.13541666666666666 0.029166666666666667 0.020833333333333332
3 0.9423611111111111 0.042708333333333334 0.015277777777777777 0.014583333333333334