3 0.2965277777777778 0.7666666666666667 0.2125 0.24166666666666667
4 0.31319444444444444 0.5552083333333333 0.16805555555555557 0.15208333333333332
3 0.4673611111111111 0.4239583333333333 0.10972222222222222 0.10625
2 0.5333333333333333 0.48541666666666666 0.11388888888888889 0.13333333333333333
3 0.5611111111111111 0.3385416666666667 0.08055555555555556 0.08541666666666667
3 0.6319444444444444 0.28854166666666664 0.06388888888888888 0.06875
2 0.6576388888888889 0.6104166666666667 0.12083333333333333 0.15416666666666667
2 0.8541666666666666 0.22291666666666668 0.044444444444444446 0.05416666666666667
3 0.8173611111111111 0.12916666666666668 0.02361111111111111 0.025
3 0.8527777777777777 0.10104166666666667 0.022222222222222223 0.01875
3 0.9034722222222222 0.11979166666666667 0.02638888888888889 0.027083333333333334