2 0.3215277777777778 0.43125 0.09027777777777778 0.12916666666666668
3 0.26319444444444445 0.35 0.10416666666666667 0.0875
2 0.15763888888888888 0.3302083333333333 0.12638888888888888 0.11458333333333333
2 0.29444444444444445 0.27395833333333336 0.07777777777777778 0.06458333333333334
3 0.3458333333333333 0.29583333333333334 0.075 0.075
3 0.425 0.303125 0.08055555555555556 0.07291666666666667
3 0.4111111111111111 0.2520833333333333 0.06111111111111111 0.058333333333333334
3 0.3840277777777778 0.23229166666666667 0.07361111111111111 0.05625
2 0.42916666666666664 0.196875 0.05555555555555555 0.04791666666666667
3 0.47430555555555554 0.21354166666666666 0.05416666666666667 0.04375
3 0.5458333333333333 0.21354166666666666 0.05 0.04791666666666667
3 0.5979166666666667 0.18020833333333333 0.04027777777777778 0.035416666666666666
2 0.5326388888888889 0.17604166666666668 0.04861111111111111 0.035416666666666666
2 0.5715277777777777 0.16041666666666668 0.029166666666666667 0.029166666666666667
2 0.5152777777777777 0.15833333333333333 0.03611111111111111 0.029166666666666667