3 0.16180555555555556 0.06770833333333333 0.015277777777777777 0.014583333333333334
2 0.22013888888888888 0.05416666666666667 0.02638888888888889 0.016666666666666666
3 0.11388888888888889 0.07291666666666667 0.019444444444444445 0.016666666666666666
3 0.1423611111111111 0.09375 0.020833333333333332 0.020833333333333332
3 0.11736111111111111 0.10833333333333334 0.02361111111111111 0.020833333333333332
2 0.21736111111111112 0.1 0.02361111111111111 0.025
3 0.16805555555555557 0.11770833333333333 0.022222222222222223 0.027083333333333334
2 0.27152777777777776 0.109375 0.029166666666666667 0.022916666666666665
2 0.13541666666666666 0.140625 0.029166666666666667 0.035416666666666666
3 0.2513888888888889 0.178125 0.041666666666666664 0.03125
3 0.21944444444444444 0.23854166666666668 0.05 0.04791666666666667
2 0.3770833333333333 0.24270833333333333 0.07083333333333333 0.07291666666666667
3 0.5979166666666667 0.5364583333333334 0.14583333333333334 0.14791666666666667
2 0.70625 0.4635416666666667 0.1375 0.13958333333333334