2 0.11041666666666666 0.6447916666666667 0.20416666666666666 0.23958333333333334
2 0.09305555555555556 0.8072916666666666 0.175 0.18125
2 0.3298611111111111 0.5145833333333333 0.12916666666666668 0.125
2 0.3784722222222222 0.5927083333333333 0.1486111111111111 0.16875
4 0.4979166666666667 0.475 0.13472222222222222 0.16666666666666666
0 0.6583333333333333 0.34791666666666665 0.125 0.175
2 0.7305555555555555 0.30625 0.022222222222222223 0.0375
2 0.7625 0.28020833333333334 0.03611111111111111 0.052083333333333336
3 0.7895833333333333 0.27395833333333336 0.02638888888888889 0.03125
3 0.8055555555555556 0.25 0.030555555555555555 0.03333333333333333
2 0.5909722222222222 0.43020833333333336 0.0625 0.09791666666666667
2 0.8770833333333333 0.24583333333333332 0.02638888888888889 0.029166666666666667
2 0.85625 0.19270833333333334 0.020833333333333332 0.022916666666666665