3 0.19375 0.321875 0.09861111111111111 0.08125
2 0.2708333333333333 0.3302083333333333 0.09444444444444444 0.09375
3 0.3506944444444444 0.3541666666666667 0.10138888888888889 0.09166666666666666
3 0.4361111111111111 0.2989583333333333 0.07777777777777778 0.07708333333333334
3 0.4895833333333333 0.25729166666666664 0.0625 0.06041666666666667
3 0.5409722222222222 0.21666666666666667 0.05416666666666667 0.04583333333333333
3 0.575 0.19479166666666667 0.03888888888888889 0.04791666666666667
3 0.5972222222222222 0.17291666666666666 0.03611111111111111 0.029166666666666667
2 0.3715277777777778 0.25729166666666664 0.07361111111111111 0.08125
3 0.45069444444444445 0.22395833333333334 0.06527777777777778 0.05625
2 0.5229166666666667 0.18229166666666666 0.043055555555555555 0.035416666666666666
2 0.4986111111111111 0.15833333333333333 0.05 0.04583333333333333
3 0.28541666666666665 0.26458333333333334 0.07916666666666666 0.058333333333333334
3 0.3611111111111111 0.22708333333333333 0.05555555555555555 0.04583333333333333
3 0.42291666666666666 0.19895833333333332 0.05416666666666667 0.04375