2 0.3388888888888889 0.32083333333333336 0.08888888888888889 0.10416666666666667
3 0.21458333333333332 0.290625 0.05694444444444444 0.06458333333333334
3 0.2916666666666667 0.2833333333333333 0.05 0.0625
2 0.26666666666666666 0.240625 0.04722222222222222 0.06041666666666667
3 0.24930555555555556 0.2125 0.04861111111111111 0.05
3 0.22916666666666666 0.18541666666666667 0.03333333333333333 0.041666666666666664
3 0.2111111111111111 0.16458333333333333 0.025 0.029166666666666667
0 0.3034722222222222 0.17916666666666667 0.08472222222222223 0.10416666666666667
2 0.3659722222222222 0.24270833333333333 0.06527777777777778 0.07291666666666667
3 0.46597222222222223 0.253125 0.06527777777777778 0.04791666666666667
3 0.3888888888888889 0.2635416666666667 0.06388888888888888 0.03958333333333333
2 0.4361111111111111 0.31145833333333334 0.09444444444444444 0.09791666666666667
2 0.8902777777777777 0.53125 0.2111111111111111 0.16666666666666666