4 0.7423611111111111 0.621875 0.5069444444444444 0.7270833333333333
3 0.6416666666666667 0.7927083333333333 0.22777777777777777 0.27708333333333335
3 0.4597222222222222 0.38645833333333335 0.08333333333333333 0.10208333333333333
2 0.36180555555555555 0.428125 0.09861111111111111 0.11041666666666666
2 0.28958333333333336 0.34270833333333334 0.07361111111111111 0.08958333333333333
3 0.3819444444444444 0.3125 0.075 0.07916666666666666
3 0.31875 0.26458333333333334 0.0625 0.06666666666666667
0 0.25555555555555554 0.18333333333333332 0.07222222222222222 0.1
2 0.24097222222222223 0.27708333333333335 0.0625 0.08333333333333333
3 0.2048611111111111 0.24166666666666667 0.0375 0.05
3 0.1326388888888889 0.13333333333333333 0.02361111111111111 0.029166666666666667
3 0.10486111111111111 0.09166666666666666 0.020833333333333332 0.020833333333333332
3 0.11319444444444444 0.07604166666666666 0.018055555555555554 0.01875