3 0.6138888888888889 0.3927083333333333 0.075 0.06875
3 0.6006944444444444 0.296875 0.04861111111111111 0.04375
3 0.5263888888888889 0.3333333333333333 0.06388888888888888 0.05416666666666667
3 0.5395833333333333 0.453125 0.10138888888888889 0.11041666666666666
3 0.45694444444444443 0.36875 0.08055555555555556 0.06666666666666667
3 0.3402777777777778 0.4322916666666667 0.11944444444444445 0.08958333333333333
2 0.36180555555555555 0.4791666666666667 0.12361111111111112 0.11666666666666667
4 0.42291666666666666 0.546875 0.1486111111111111 0.13958333333333334
2 0.19444444444444445 0.7239583333333334 0.20833333333333334 0.21041666666666667
4 0.12986111111111112 0.6197916666666666 0.24305555555555555 0.23958333333333334
3 0.06111111111111111 0.5989583333333334 0.11944444444444445 0.15208333333333332