2 0.22430555555555556 0.8614583333333333 0.19583333333333333 0.26458333333333334
2 0.44375 0.5760416666666667 0.10416666666666667 0.13958333333333334
2 0.30416666666666664 0.475 0.13333333333333333 0.1
2 0.5916666666666667 0.70625 0.1111111111111111 0.17916666666666667
2 0.4625 0.9552083333333333 0.13055555555555556 0.08958333333333333
2 0.6409722222222223 0.446875 0.08194444444444444 0.10625
2 0.28888888888888886 0.31666666666666665 0.07777777777777778 0.058333333333333334
2 0.1951388888888889 0.303125 0.0763888888888889 0.052083333333333336
3 0.12361111111111112 0.296875 0.07777777777777778 0.04791666666666667
3 0.3159722222222222 0.24895833333333334 0.03194444444444444 0.052083333333333336
3 0.3701388888888889 0.23125 0.02638888888888889 0.03333333333333333
3 0.4041666666666667 0.234375 0.030555555555555555 0.04375
3 0.44305555555555554 0.24166666666666667 0.025 0.0375
3 0.48333333333333334 0.24375 0.027777777777777776 0.0375
3 0.5965277777777778 0.38125 0.06527777777777778 0.08333333333333333
3 0.6680555555555555 0.29791666666666666 0.044444444444444446 0.0625
3 0.74375 0.2125 0.03194444444444444 0.0375
3 0.8597222222222223 0.16145833333333334 0.016666666666666666 0.022916666666666665
3 0.8166666666666667 0.12395833333333334 0.013888888888888888 0.01875
3 0.8520833333333333 0.10833333333333334 0.0125 0.016666666666666666
3 0.28958333333333336 0.18333333333333332 0.05138888888888889 0.029166666666666667
3 0.2222222222222222 0.24270833333333333 0.041666666666666664 0.04791666666666667
3 0.5576388888888889 0.19895833333333332 0.04027777777777778 0.03125
3 0.3888888888888889 0.14270833333333333 0.022222222222222223 0.022916666666666665
3 0.4166666666666667 0.13020833333333334 0.027777777777777776 0.01875