2 0.7006944444444444 0.4895833333333333 0.06527777777777778 0.13333333333333333
3 0.7743055555555556 0.6145833333333334 0.07361111111111111 0.1125
3 0.8888888888888888 0.45729166666666665 0.05277777777777778 0.08541666666666667
3 0.8201388888888889 0.3770833333333333 0.04861111111111111 0.058333333333333334
3 0.9027777777777778 0.303125 0.041666666666666664 0.06041666666666667
3 0.84375 0.2635416666666667 0.034722222222222224 0.04375
3 0.8548611111111111 0.21979166666666666 0.020833333333333332 0.027083333333333334
0 0.9048611111111111 0.14166666666666666 0.034722222222222224 0.08333333333333333
4 0.8590277777777777 0.15416666666666667 0.029166666666666667 0.041666666666666664
4 0.35555555555555557 0.35625 0.11944444444444445 0.07083333333333333
3 0.28680555555555554 0.3145833333333333 0.0875 0.05
3 0.28194444444444444 0.24479166666666666 0.03611111111111111 0.04791666666666667
3 0.2263888888888889 0.17395833333333333 0.03888888888888889 0.027083333333333334
3 0.31527777777777777 0.13333333333333333 0.016666666666666666 0.025
3 0.5652777777777778 0.14479166666666668 0.025 0.027083333333333334
3 0.59375 0.15104166666666666 0.020833333333333332 0.022916666666666665