3 0.9465277777777777 0.6458333333333334 0.09583333333333334 0.0875
3 0.8930555555555556 0.3333333333333333 0.06388888888888888 0.041666666666666664
3 0.23541666666666666 0.4979166666666667 0.04861111111111111 0.07916666666666666
3 0.3229166666666667 0.48020833333333335 0.05416666666666667 0.08541666666666667
3 0.3763888888888889 0.41770833333333335 0.044444444444444446 0.06458333333333334
3 0.30625 0.39479166666666665 0.0375 0.06041666666666667
3 0.22916666666666666 0.40625 0.03611111111111111 0.05416666666666667
3 0.28958333333333336 0.3260416666666667 0.029166666666666667 0.035416666666666666
3 0.28194444444444444 0.2864583333333333 0.03333333333333333 0.04375
2 0.23541666666666666 0.3385416666666667 0.034722222222222224 0.06041666666666667
2 0.4909722222222222 0.24270833333333333 0.059722222222222225 0.03125
3 0.02847222222222222 0.3489583333333333 0.04027777777777778 0.04791666666666667