3 0.5145833333333333 0.934375 0.11805555555555555 0.13125
2 0.3736111111111111 0.8416666666666667 0.18333333333333332 0.25416666666666665
3 0.5770833333333333 0.5520833333333334 0.09861111111111111 0.125
3 0.6576388888888889 0.4197916666666667 0.06805555555555555 0.08125
3 0.7020833333333333 0.334375 0.05416666666666667 0.06875
0 0.5611111111111111 0.38645833333333335 0.1638888888888889 0.20208333333333334
2 0.3541666666666667 0.353125 0.09722222222222222 0.06875
3 0.22013888888888888 0.22708333333333333 0.04027777777777778 0.04583333333333333
3 0.1875 0.22395833333333334 0.03611111111111111 0.03958333333333333
3 0.41597222222222224 0.22291666666666668 0.03194444444444444 0.0375
3 0.3729166666666667 0.21875 0.029166666666666667 0.0375
3 0.3368055555555556 0.21666666666666667 0.034722222222222224 0.0375
3 0.30486111111111114 0.2125 0.02361111111111111 0.03333333333333333