3 0.9090277777777778 0.95 0.15694444444444444 0.1
3 0.8229166666666666 0.48333333333333334 0.09027777777777778 0.07083333333333333
3 0.3590277777777778 0.634375 0.07361111111111111 0.13541666666666666
4 0.5340277777777778 0.5770833333333333 0.10694444444444444 0.1375
3 0.5715277777777777 0.5104166666666666 0.07361111111111111 0.07083333333333333
3 0.7979166666666667 0.33958333333333335 0.04583333333333333 0.05
3 0.24097222222222223 0.390625 0.04027777777777778 0.06041666666666667
3 0.30833333333333335 0.38958333333333334 0.03888888888888889 0.0625
3 0.23472222222222222 0.321875 0.027777777777777776 0.03958333333333333
3 0.28680555555555554 0.30625 0.029166666666666667 0.04583333333333333
3 0.2791666666666667 0.2604166666666667 0.030555555555555555 0.029166666666666667
3 0.2375 0.24375 0.022222222222222223 0.025
3 0.2743055555555556 0.21875 0.02361111111111111 0.025
3 0.3388888888888889 0.225 0.027777777777777776 0.029166666666666667
3 0.34375 0.17916666666666667 0.02361111111111111 0.025
3 0.29583333333333334 0.14791666666666667 0.011111111111111112 0.0125
3 0.2375 0.21041666666666667 0.013888888888888888 0.016666666666666666
3 0.2652777777777778 0.15729166666666666 0.013888888888888888 0.01875
3 0.26666666666666666 0.17604166666666668 0.013888888888888888 0.010416666666666666
3 0.24097222222222223 0.18958333333333333 0.018055555555555554 0.016666666666666666