2 0.5909722222222222 0.40520833333333334 0.06805555555555555 0.11041666666666666
3 0.29791666666666666 0.41354166666666664 0.0763888888888889 0.07291666666666667
3 0.3347222222222222 0.33229166666666665 0.08611111111111111 0.06458333333333334
3 0.3298611111111111 0.25625 0.03194444444444444 0.05
3 0.37430555555555556 0.23541666666666666 0.03194444444444444 0.04583333333333333
3 0.4395833333333333 0.20416666666666666 0.0375 0.029166666666666667
3 0.3923611111111111 0.19895833333333332 0.0375 0.027083333333333334
3 0.3506944444444444 0.19583333333333333 0.043055555555555555 0.029166666666666667
3 0.7333333333333333 0.22916666666666666 0.03888888888888889 0.05
3 0.8416666666666667 0.3177083333333333 0.03333333333333333 0.04375
3 0.9048611111111111 0.16770833333333332 0.018055555555555554 0.022916666666666665
3 0.8041666666666667 0.14791666666666667 0.016666666666666666 0.020833333333333332
3 0.8763888888888889 0.14270833333333333 0.016666666666666666 0.022916666666666665
2 0.12361111111111112 0.3 0.06388888888888888 0.05416666666666667