2 0.13402777777777777 0.4197916666666667 0.09027777777777778 0.06458333333333334
2 0.22291666666666668 0.30625 0.08472222222222223 0.06666666666666667
2 0.3506944444444444 0.36666666666666664 0.09861111111111111 0.07083333333333333
2 0.28888888888888886 0.321875 0.075 0.06875
2 0.33611111111111114 0.23020833333333332 0.03333333333333333 0.04791666666666667
2 0.9027777777777778 0.21145833333333333 0.027777777777777776 0.03958333333333333
4 0.6145833333333334 0.3625 0.07083333333333333 0.075
3 0.7680555555555556 0.340625 0.044444444444444446 0.06041666666666667
3 0.8486111111111111 0.28541666666666665 0.044444444444444446 0.0625
3 0.7513888888888889 0.253125 0.03333333333333333 0.03958333333333333
3 0.8611111111111112 0.20104166666666667 0.025 0.03125
3 0.9041666666666667 0.14583333333333334 0.016666666666666666 0.020833333333333332
3 0.9083333333333333 0.121875 0.016666666666666666 0.014583333333333334
3 0.8756944444444444 0.125 0.015277777777777777 0.016666666666666666
3 0.8368055555555556 0.13020833333333334 0.015277777777777777 0.022916666666666665
3 0.7888888888888889 0.14895833333333333 0.019444444444444445 0.03125
3 0.8520833333333333 0.10833333333333334 0.0125 0.008333333333333333
3 0.8375 0.09270833333333334 0.013888888888888888 0.014583333333333334
3 0.2875 0.246875 0.027777777777777776 0.035416666666666666
3 0.37430555555555556 0.23333333333333334 0.02638888888888889 0.0375
3 0.2722222222222222 0.21875 0.027777777777777776 0.03333333333333333
3 0.35694444444444445 0.15208333333333332 0.019444444444444445 0.020833333333333332
3 0.38333333333333336 0.153125 0.016666666666666666 0.022916666666666665
3 0.41458333333333336 0.146875 0.018055555555555554 0.01875
3 0.33611111111111114 0.190625 0.03333333333333333 0.022916666666666665
3 0.48333333333333334 0.24166666666666667 0.030555555555555555 0.03333333333333333
3 0.5729166666666666 0.15520833333333334 0.020833333333333332 0.01875
3 0.6548611111111111 0.10416666666666667 0.018055555555555554 0.016666666666666666
2 0.5569444444444445 0.19583333333333333 0.05555555555555555 0.04583333333333333
2 0.5368055555555555 0.18229166666666666 0.04583333333333333 0.04375