2 0.1423611111111111 0.44895833333333335 0.10694444444444444 0.09791666666666667
3 0.23680555555555555 0.22604166666666667 0.03194444444444444 0.035416666666666666
3 0.30486111111111114 0.23020833333333332 0.03194444444444444 0.035416666666666666
2 0.38819444444444445 0.19375 0.04583333333333333 0.03333333333333333
4 0.3215277777777778 0.18854166666666666 0.06805555555555555 0.03958333333333333
2 0.22708333333333333 0.18229166666666666 0.034722222222222224 0.03125
3 0.5465277777777777 0.20625 0.04583333333333333 0.029166666666666667
3 0.4840277777777778 0.24583333333333332 0.03194444444444444 0.0375
3 0.6013888888888889 0.16666666666666666 0.025 0.03333333333333333
3 0.7701388888888889 0.17395833333333333 0.02638888888888889 0.03125
3 0.8131944444444444 0.16875 0.020833333333333332 0.020833333333333332
3 0.8305555555555556 0.13958333333333334 0.016666666666666666 0.020833333333333332
3 0.8423611111111111 0.11875 0.015277777777777777 0.0125
3 0.8777777777777778 0.12395833333333334 0.013888888888888888 0.010416666666666666
3 0.9048611111111111 0.11458333333333333 0.0125 0.0125
3 0.8409722222222222 0.090625 0.0125 0.014583333333333334
3 0.86875 0.084375 0.009722222222222222 0.010416666666666666