2 0.06319444444444444 0.45729166666666665 0.09027777777777778 0.10625
2 0.23958333333333334 0.85625 0.1875 0.25
3 0.4951388888888889 0.9197916666666667 0.17083333333333334 0.16041666666666668
3 0.325 0.9145833333333333 0.18333333333333332 0.17083333333333334
3 0.49444444444444446 0.696875 0.11944444444444445 0.16041666666666668
3 0.42777777777777776 0.6197916666666666 0.11666666666666667 0.15208333333333332
3 0.5902777777777778 0.5510416666666667 0.08611111111111111 0.11875
3 0.6569444444444444 0.4197916666666667 0.06944444444444445 0.09375
2 0.5673611111111111 0.409375 0.0875 0.12291666666666666
3 0.6180555555555556 0.3572916666666667 0.05 0.06875
3 0.6569444444444444 0.309375 0.05277777777777778 0.06041666666666667
3 0.6888888888888889 0.271875 0.041666666666666664 0.04791666666666667
3 0.7159722222222222 0.23229166666666667 0.0375 0.04375
3 0.7451388888888889 0.20416666666666666 0.03194444444444444 0.029166666666666667
3 0.7638888888888888 0.18541666666666667 0.025 0.029166666666666667
3 0.15486111111111112 0.30416666666666664 0.08472222222222223 0.05416666666666667
3 0.30486111111111114 0.23020833333333332 0.03194444444444444 0.035416666666666666
3 0.23472222222222222 0.22395833333333334 0.03333333333333333 0.035416666666666666
3 0.20694444444444443 0.22395833333333334 0.027777777777777776 0.035416666666666666
3 0.17916666666666667 0.21979166666666666 0.03611111111111111 0.035416666666666666
3 0.4409722222222222 0.24375 0.029166666666666667 0.041666666666666664
3 0.4840277777777778 0.24479166666666666 0.03194444444444444 0.03958333333333333
3 0.5465277777777777 0.20416666666666666 0.04583333333333333 0.029166666666666667
3 0.15555555555555556 0.21145833333333333 0.03611111111111111 0.03125
2 0.22916666666666666 0.18125 0.03888888888888889 0.029166666666666667
4 0.3215277777777778 0.18541666666666667 0.06805555555555555 0.04583333333333333
2 0.38680555555555557 0.19479166666666667 0.04583333333333333 0.035416666666666666