4 0.4625 0.8802083333333334 0.24444444444444444 0.23958333333333334
3 0.40555555555555556 0.8260416666666667 0.15555555555555556 0.19375
2 0.32013888888888886 0.7239583333333334 0.14583333333333334 0.19791666666666666
2 0.4618055555555556 0.534375 0.12361111111111112 0.15208333333333332
4 0.6375 0.3302083333333333 0.06666666666666667 0.07291666666666667
4 0.3506944444444444 0.359375 0.11527777777777778 0.06458333333333334
3 0.23125 0.21354166666666666 0.03194444444444444 0.04375
0 0.39305555555555555 0.115625 0.06666666666666667 0.03958333333333333
3 0.8055555555555556 0.16666666666666666 0.03611111111111111 0.05
3 0.9 0.15 0.025 0.03333333333333333
3 0.8277777777777777 0.13229166666666667 0.022222222222222223 0.022916666666666665
3 0.8097222222222222 0.115625 0.019444444444444445 0.01875
3 0.8388888888888889 0.11770833333333333 0.019444444444444445 0.01875
3 0.8277777777777777 0.09270833333333334 0.013888888888888888 0.014583333333333334
3 0.8479166666666667 0.09583333333333334 0.015277777777777777 0.016666666666666666
3 0.3659722222222222 0.22708333333333333 0.029166666666666667 0.04583333333333333
3 0.2916666666666667 0.1625 0.044444444444444446 0.03333333333333333