3 0.790234375 0.5034722222222222 0.13515625 0.1125
2 0.087109375 0.4479166666666667 0.11953125 0.10416666666666667
2 0.262109375 0.2513888888888889 0.06171875 0.044444444444444446
2 0.194140625 0.21319444444444444 0.04921875 0.034722222222222224
2 0.289453125 0.18125 0.04609375 0.029166666666666667
2 0.55625 0.18541666666666667 0.05 0.05694444444444444
2 0.496875 0.25555555555555554 0.05625 0.06388888888888888
2 0.333984375 0.2222222222222222 0.05546875 0.044444444444444446
2 0.433203125 0.18263888888888888 0.04140625 0.0375
2 0.65078125 0.16805555555555557 0.028125 0.03888888888888889
3 0.430078125 0.26944444444444443 0.06015625 0.058333333333333334
3 0.546875 0.23472222222222222 0.0453125 0.04722222222222222
3 0.478515625 0.21597222222222223 0.04765625 0.043055555555555555
3 0.491015625 0.23680555555555555 0.04765625 0.05416666666666667
3 0.58828125 0.20902777777777778 0.0375 0.04583333333333333
3 0.61953125 0.1840277777777778 0.034375 0.043055555555555555
3 0.671484375 0.15625 0.01796875 0.029166666666666667
3 0.69453125 0.14305555555555555 0.0234375 0.027777777777777776
3 0.71796875 0.1284722222222222 0.021875 0.02638888888888889
3 0.73828125 0.11736111111111111 0.0171875 0.02361111111111111
3 0.75390625 0.10555555555555556 0.0171875 0.025
3 0.6015625 0.16944444444444445 0.0390625 0.041666666666666664
0 0.855078125 0.052083333333333336 0.01640625 0.02638888888888889
3 0.8125 0.05763888888888889 0.0140625 0.018055555555555554
3 0.828515625 0.05347222222222222 0.01171875 0.018055555555555554
3 0.38125 0.20833333333333334 0.0375 0.027777777777777776
3 0.375390625 0.15833333333333333 0.03984375 0.027777777777777776
3 0.44921875 0.13055555555555556 0.0296875 0.019444444444444445
2 0.45625 0.17291666666666666 0.0421875 0.03194444444444444
2 0.476953125 0.16666666666666666 0.04296875 0.027777777777777776
2 0.538671875 0.1388888888888889 0.03984375 0.027777777777777776