2 0.25703125 0.24722222222222223 0.05625 0.04722222222222222
3 0.328515625 0.22291666666666668 0.05703125 0.0375
2 0.412890625 0.3076388888888889 0.05390625 0.07361111111111111
2 0.855859375 0.5048611111111111 0.18671875 0.12361111111111112
3 0.92265625 0.4548611111111111 0.1546875 0.10694444444444444
3 0.662890625 0.2611111111111111 0.04453125 0.04722222222222222
3 0.74765625 0.17777777777777778 0.0296875 0.03333333333333333
2 0.78203125 0.15069444444444444 0.025 0.03194444444444444
3 0.678125 0.15 0.03125 0.03611111111111111
2 0.5390625 0.1361111111111111 0.040625 0.027777777777777776
3 0.3890625 0.1451388888888889 0.0390625 0.02638888888888889
3 0.4234375 0.1361111111111111 0.0296875 0.025
3 0.59609375 0.08125 0.0234375 0.020833333333333332