2 0.68671875 0.46458333333333335 0.10625 0.13194444444444445
2 0.459375 0.2986111111111111 0.0515625 0.07222222222222222
2 0.535546875 0.24444444444444444 0.04453125 0.04722222222222222
3 0.548046875 0.3784722222222222 0.06796875 0.07916666666666666
3 0.603515625 0.32013888888888886 0.05546875 0.05416666666666667
3 0.4484375 0.24097222222222223 0.0359375 0.034722222222222224
3 0.420703125 0.28055555555555556 0.03046875 0.05277777777777778
3 0.3921875 0.20555555555555555 0.0328125 0.03888888888888889
4 0.24140625 0.2076388888888889 0.053125 0.10416666666666667
3 0.29921875 0.15625 0.0203125 0.02361111111111111
3 0.20546875 0.15555555555555556 0.0125 0.016666666666666666
3 0.227734375 0.14722222222222223 0.01328125 0.016666666666666666
3 0.27734375 0.14166666666666666 0.0109375 0.016666666666666666
3 0.289453125 0.1284722222222222 0.01171875 0.015277777777777777
3 0.255078125 0.12152777777777778 0.01015625 0.0125
3 0.246484375 0.11041666666666666 0.00859375 0.015277777777777777
4 0.243359375 0.08333333333333333 0.01328125 0.025
3 0.2296875 0.08958333333333333 0.0078125 0.0125
3 0.23515625 0.09930555555555555 0.009375 0.009722222222222222
3 0.20703125 0.1076388888888889 0.0078125 0.015277777777777777
3 0.220703125 0.13819444444444445 0.00859375 0.018055555555555554