2 0.801953125 0.4215277777777778 0.11953125 0.10416666666666667
2 0.47421875 0.2965277777777778 0.0515625 0.059722222222222225
2 0.419140625 0.21180555555555555 0.03828125 0.0375
2 0.373828125 0.1840277777777778 0.02890625 0.04027777777777778
3 0.58125 0.38055555555555554 0.0734375 0.075
3 0.50390625 0.2625 0.04375 0.05
3 0.47578125 0.2152777777777778 0.0359375 0.030555555555555555
3 0.421484375 0.26458333333333334 0.04921875 0.059722222222222225
3 0.36015625 0.22291666666666668 0.0390625 0.0375
3 0.316796875 0.15625 0.01953125 0.020833333333333332
3 0.276953125 0.12708333333333333 0.01171875 0.018055555555555554
3 0.30625 0.125 0.0171875 0.019444444444444445
3 0.262890625 0.11458333333333333 0.01171875 0.0125
3 0.244921875 0.09513888888888888 0.01015625 0.0125
3 0.266796875 0.10069444444444445 0.01015625 0.0125
3 0.248828125 0.08333333333333333 0.00703125 0.008333333333333333
3 0.293359375 0.09097222222222222 0.01796875 0.0125
3 0.640234375 0.14375 0.03203125 0.029166666666666667
3 0.167578125 0.08680555555555555 0.01015625 0.018055555555555554