2 0.10546875 0.43333333333333335 0.1171875 0.125
2 0.215234375 0.29583333333333334 0.08046875 0.09444444444444444
2 0.281640625 0.6270833333333333 0.15546875 0.17916666666666667
2 0.676953125 0.25833333333333336 0.04296875 0.06111111111111111
3 0.076171875 0.38819444444444445 0.10703125 0.10416666666666667
3 0.21953125 0.3548611111111111 0.084375 0.08472222222222223
3 0.2984375 0.29791666666666666 0.0625 0.09305555555555556
4 0.384765625 0.3034722222222222 0.15546875 0.2263888888888889
4 0.5296875 0.4888888888888889 0.09375 0.1388888888888889
3 0.576953125 0.30277777777777776 0.05078125 0.05277777777777778
3 0.494921875 0.2423611111111111 0.06171875 0.05694444444444444
3 0.5640625 0.20069444444444445 0.0375 0.04861111111111111
3 0.5890625 0.17708333333333334 0.0328125 0.04027777777777778
3 0.52578125 0.16805555555555557 0.0359375 0.044444444444444446
3 0.578125 0.14583333333333334 0.034375 0.030555555555555555
3 0.465234375 0.20625 0.03671875 0.043055555555555555
3 0.654296875 0.2013888888888889 0.03515625 0.041666666666666664
3 0.69453125 0.16597222222222222 0.028125 0.03194444444444444
3 0.764453125 0.14722222222222223 0.02578125 0.03333333333333333
3 0.704296875 0.09861111111111111 0.01953125 0.022222222222222223
3 0.624609375 0.10972222222222222 0.02421875 0.025
3 0.646875 0.11736111111111111 0.0234375 0.02638888888888889
3 0.763671875 0.10972222222222222 0.02265625 0.027777777777777776
3 0.833984375 0.08958333333333333 0.01328125 0.018055555555555554
3 0.787890625 0.07569444444444444 0.01484375 0.015277777777777777
3 0.746484375 0.08402777777777778 0.01484375 0.015277777777777777
4 0.616015625 0.15416666666666667 0.03984375 0.05
4 0.571875 0.12708333333333333 0.03125 0.034722222222222224
3 0.89375 0.08125 0.0125 0.018055555555555554
3 0.860546875 0.08125 0.01171875 0.015277777777777777
3 0.911328125 0.07708333333333334 0.01015625 0.015277777777777777
3 0.812890625 0.07430555555555556 0.01328125 0.015277777777777777
3 0.405859375 0.10902777777777778 0.03046875 0.020833333333333332
2 0.330859375 0.10486111111111111 0.01953125 0.020833333333333332
3 0.355078125 0.12986111111111112 0.02890625 0.029166666666666667