3 0.055859375 0.7576388888888889 0.11015625 0.1986111111111111
3 0.116015625 0.46319444444444446 0.10859375 0.0875
2 0.885546875 0.6118055555555556 0.19453125 0.1375
4 0.72578125 0.47847222222222224 0.3890625 0.1763888888888889
2 0.2625 0.2520833333333333 0.0609375 0.04583333333333333
2 0.321484375 0.2791666666666667 0.07421875 0.06944444444444445
2 0.5375 0.23819444444444443 0.053125 0.05694444444444444
3 0.4640625 0.28541666666666665 0.059375 0.0625
3 0.40625 0.2743055555555556 0.0546875 0.05694444444444444
3 0.46484375 0.24375 0.05 0.043055555555555555
3 0.51953125 0.22013888888888888 0.0390625 0.043055555555555555
3 0.59921875 0.20208333333333334 0.0375 0.04027777777777778
4 0.569140625 0.19444444444444445 0.03828125 0.041666666666666664
2 0.60703125 0.16805555555555557 0.034375 0.03333333333333333
2 0.678515625 0.13402777777777777 0.02734375 0.02638888888888889
2 0.725 0.17083333333333334 0.028125 0.030555555555555555
2 0.752734375 0.10625 0.02109375 0.020833333333333332
3 0.303515625 0.2361111111111111 0.05234375 0.03333333333333333
2 0.334765625 0.2222222222222222 0.05546875 0.041666666666666664
3 0.362109375 0.21388888888888888 0.03359375 0.03611111111111111
3 0.39296875 0.19930555555555557 0.04375 0.029166666666666667
3 0.537890625 0.13958333333333334 0.04140625 0.02361111111111111
3 0.56171875 0.12916666666666668 0.0375 0.025
3 0.43671875 0.18125 0.0484375 0.02361111111111111
3 0.45234375 0.17430555555555555 0.0484375 0.029166666666666667
3 0.476953125 0.16666666666666666 0.04453125 0.030555555555555555
3 0.491796875 0.16111111111111112 0.03359375 0.027777777777777776
3 0.291796875 0.18472222222222223 0.04765625 0.03333333333333333
2 0.2171875 0.20416666666666666 0.05 0.03888888888888889
3 0.317578125 0.17291666666666666 0.03984375 0.02638888888888889
3 0.3453125 0.16319444444444445 0.0328125 0.029166666666666667
2 0.437890625 0.13541666666666666 0.03671875 0.02638888888888889
2 0.6078125 0.07777777777777778 0.021875 0.016666666666666666
2 0.628515625 0.07152777777777777 0.02421875 0.018055555555555554
4 0.969140625 0.2 0.06015625 0.04722222222222222
3 0.814453125 0.09722222222222222 0.01796875 0.019444444444444445
3 0.82890625 0.0798611111111111 0.0203125 0.02361111111111111