3 0.50703125 0.3284722222222222 0.05625 0.06527777777777778
3 0.3828125 0.31875 0.0453125 0.05694444444444444
3 0.320703125 0.3472222222222222 0.04609375 0.06666666666666667
3 0.301171875 0.30486111111111114 0.03515625 0.04583333333333333
3 0.34609375 0.2847222222222222 0.0375 0.04722222222222222
3 0.373046875 0.23194444444444445 0.02265625 0.03611111111111111
3 0.4078125 0.19375 0.025 0.02638888888888889
3 0.349609375 0.21805555555555556 0.02578125 0.03333333333333333
3 0.30234375 0.23680555555555555 0.0265625 0.0375
3 0.325390625 0.26180555555555557 0.02890625 0.034722222222222224
3 0.276171875 0.28055555555555556 0.02890625 0.041666666666666664
3 0.254296875 0.25763888888888886 0.02578125 0.04027777777777778
3 0.283203125 0.22083333333333333 0.02109375 0.030555555555555555
3 0.29140625 0.18055555555555555 0.0171875 0.022222222222222223
3 0.2765625 0.2076388888888889 0.01875 0.02361111111111111
3 0.249609375 0.23333333333333334 0.02578125 0.030555555555555555
3 0.219140625 0.12291666666666666 0.01015625 0.0125
3 0.227734375 0.1451388888888889 0.01328125 0.018055555555555554
3 0.243359375 0.1625 0.01328125 0.019444444444444445
3 0.209375 0.15486111111111112 0.0109375 0.018055555555555554
0 0.234375 0.19236111111111112 0.034375 0.0625
4 0.323828125 0.18611111111111112 0.03984375 0.06388888888888888
0 0.40390625 0.2548611111111111 0.04375 0.06527777777777778
3 0.43828125 0.2875 0.04375 0.05277777777777778
3 0.64375 0.14722222222222223 0.0265625 0.022222222222222223
3 0.971875 0.3076388888888889 0.05625 0.05138888888888889
2 0.96875 0.25416666666666665 0.0609375 0.05277777777777778