2 0.71015625 0.3840277777777778 0.11875 0.09583333333333334
2 0.384375 0.4777777777777778 0.06875 0.1111111111111111
2 0.332421875 0.3611111111111111 0.04921875 0.07777777777777778
3 0.49609375 0.45625 0.0734375 0.09583333333333334
3 0.515234375 0.33819444444444446 0.06171875 0.0625
3 0.431640625 0.2798611111111111 0.04140625 0.059722222222222225
4 0.368359375 0.31527777777777777 0.05390625 0.06666666666666667
3 0.275 0.2833333333333333 0.0265625 0.04722222222222222
3 0.305078125 0.3145833333333333 0.03515625 0.059722222222222225
3 0.32734375 0.27708333333333335 0.0328125 0.043055555555555555
3 0.3875 0.25625 0.03125 0.043055555555555555
3 0.3109375 0.25416666666666665 0.0234375 0.03611111111111111
3 0.33359375 0.21805555555555556 0.015625 0.03333333333333333
2 0.353515625 0.2298611111111111 0.02890625 0.04583333333333333
3 0.20859375 0.1625 0.0171875 0.03333333333333333
3 0.225 0.13958333333333334 0.0125 0.020833333333333332
3 0.22265625 0.10902777777777778 0.0140625 0.018055555555555554