3 0.953515625 0.24791666666666667 0.06015625 0.05416666666666667
3 0.494140625 0.32222222222222224 0.05703125 0.06666666666666667
0 0.301953125 0.3055555555555556 0.07890625 0.12777777777777777
4 0.36953125 0.30833333333333335 0.0703125 0.08055555555555556
3 0.31640625 0.25069444444444444 0.034375 0.04861111111111111
3 0.290625 0.22430555555555556 0.021875 0.034722222222222224
3 0.2390625 0.15138888888888888 0.0171875 0.027777777777777776
3 0.29609375 0.14444444444444443 0.0171875 0.022222222222222223
3 0.188671875 0.09583333333333334 0.01015625 0.013888888888888888
3 0.249609375 0.08611111111111111 0.01015625 0.013888888888888888
3 0.229296875 0.08402777777777778 0.00703125 0.0125