2 0.335546875 0.8722222222222222 0.28671875 0.25555555555555554
2 0.2375 0.42569444444444443 0.1125 0.09583333333333334
2 0.41796875 0.2659722222222222 0.0625 0.07361111111111111
2 0.541796875 0.23055555555555557 0.04765625 0.058333333333333334
3 0.4828125 0.26458333333333334 0.0578125 0.059722222222222225
3 0.31015625 0.5145833333333333 0.1328125 0.10694444444444444
3 0.469140625 0.16875 0.04921875 0.029166666666666667
3 0.402734375 0.14722222222222223 0.03828125 0.027777777777777776
0 0.5421875 0.10486111111111111 0.071875 0.04861111111111111
3 0.75390625 0.17777777777777778 0.0296875 0.03333333333333333
2 0.784765625 0.11527777777777778 0.02265625 0.030555555555555555
2 0.759375 0.08611111111111111 0.01875 0.022222222222222223
3 0.823828125 0.08958333333333333 0.01640625 0.02361111111111111
3 0.848046875 0.06805555555555555 0.01328125 0.016666666666666666
2 0.81171875 0.059722222222222225 0.0234375 0.016666666666666666
3 0.868359375 0.12013888888888889 0.03671875 0.02361111111111111
3 0.973046875 0.2013888888888889 0.05234375 0.03611111111111111
3 0.983984375 0.1361111111111111 0.03203125 0.027777777777777776
3 0.687890625 0.08055555555555556 0.03359375 0.022222222222222223
3 0.63359375 0.07152777777777777 0.0265625 0.018055555555555554