4 0.194921875 0.3736111111111111 0.12265625 0.12222222222222222
4 0.28125 0.32430555555555557 0.0546875 0.07916666666666666
4 0.6671875 0.08888888888888889 0.04375 0.04722222222222222
3 0.141015625 0.34652777777777777 0.09453125 0.0875
3 0.26484375 0.2826388888888889 0.0734375 0.06805555555555555
3 0.35546875 0.28541666666666665 0.065625 0.0763888888888889
2 0.35234375 0.2263888888888889 0.0640625 0.07222222222222222
3 0.4265625 0.24166666666666667 0.0515625 0.06111111111111111
3 0.41796875 0.20277777777777778 0.0484375 0.044444444444444446
2 0.455078125 0.17916666666666667 0.04765625 0.05555555555555555
3 0.491015625 0.19652777777777777 0.03984375 0.04861111111111111
3 0.53359375 0.17430555555555555 0.034375 0.04027777777777778
3 0.563671875 0.15833333333333333 0.03046875 0.041666666666666664
3 0.591796875 0.14722222222222223 0.02421875 0.03333333333333333
3 0.61484375 0.13055555555555556 0.0265625 0.03333333333333333
3 0.547265625 0.13472222222222222 0.02734375 0.027777777777777776
3 0.573828125 0.12708333333333333 0.02421875 0.02638888888888889
3 0.601171875 0.11458333333333333 0.03203125 0.03194444444444444
3 0.644140625 0.125 0.02421875 0.025
3 0.665234375 0.1125 0.01953125 0.027777777777777776
3 0.6828125 0.10833333333333334 0.0171875 0.025
3 0.698828125 0.10138888888888889 0.01640625 0.025
3 0.71328125 0.09722222222222222 0.0140625 0.025
3 0.726953125 0.09583333333333334 0.01328125 0.019444444444444445
3 0.740234375 0.08888888888888889 0.01640625 0.022222222222222223