2 0.58828125 0.79375 0.15625 0.2652777777777778
3 0.821484375 0.44305555555555554 0.11171875 0.08611111111111111
4 0.83828125 0.3770833333333333 0.1203125 0.09305555555555556
4 0.394921875 0.31666666666666665 0.07109375 0.10833333333333334
3 0.612890625 0.28194444444444444 0.05390625 0.04722222222222222
4 0.4984375 0.24930555555555556 0.0546875 0.059722222222222225
4 0.45390625 0.19791666666666666 0.0390625 0.0375
2 0.348046875 0.21666666666666667 0.03046875 0.041666666666666664
2 0.253515625 0.24305555555555555 0.02890625 0.03888888888888889
3 0.224609375 0.1909722222222222 0.01796875 0.02361111111111111
3 0.218359375 0.1625 0.01328125 0.019444444444444445
3 0.211328125 0.14652777777777778 0.01328125 0.018055555555555554
3 0.240625 0.15625 0.01875 0.02361111111111111
3 0.280078125 0.16805555555555557 0.01328125 0.022222222222222223
3 0.301171875 0.18472222222222223 0.02421875 0.025
3 0.354296875 0.17708333333333334 0.02265625 0.02361111111111111
3 0.375390625 0.16527777777777777 0.02109375 0.025
3 0.33671875 0.14930555555555555 0.015625 0.015277777777777777
3 0.309375 0.14722222222222223 0.0171875 0.016666666666666666
3 0.315234375 0.13194444444444445 0.01484375 0.013888888888888888
3 0.280078125 0.125 0.01484375 0.019444444444444445
3 0.294140625 0.11875 0.01328125 0.015277777777777777
3 0.266015625 0.11666666666666667 0.01015625 0.013888888888888888
3 0.253125 0.10208333333333333 0.009375 0.015277777777777777
3 0.18828125 0.09722222222222222 0.0109375 0.011111111111111112
3 0.19375 0.11319444444444444 0.0125 0.018055555555555554
3 0.220703125 0.12777777777777777 0.01328125 0.016666666666666666
3 0.239453125 0.09027777777777778 0.01015625 0.011111111111111112
3 0.222265625 0.09027777777777778 0.00703125 0.011111111111111112
3 0.208203125 0.10416666666666667 0.01015625 0.011111111111111112
3 0.202734375 0.08958333333333333 0.00703125 0.009722222222222222