2 0.11875 0.48125 0.109375 0.12083333333333333
2 0.4015625 0.33611111111111114 0.0515625 0.075
2 0.31328125 0.33194444444444443 0.04375 0.07222222222222222
2 0.551953125 0.2847222222222222 0.04765625 0.058333333333333334
2 0.441015625 0.2263888888888889 0.03515625 0.041666666666666664
2 0.378515625 0.19166666666666668 0.02734375 0.030555555555555555
2 0.29296875 0.21944444444444444 0.025 0.03888888888888889
2 0.970703125 0.25277777777777777 0.05703125 0.05555555555555555
3 0.945703125 0.30972222222222223 0.09765625 0.05555555555555555
3 0.268359375 0.26458333333333334 0.02890625 0.04027777777777778
3 0.24921875 0.2263888888888889 0.0234375 0.03333333333333333
3 0.234375 0.19791666666666666 0.0203125 0.029166666666666667
3 0.272265625 0.17777777777777778 0.01796875 0.022222222222222223
3 0.34765625 0.21597222222222223 0.0296875 0.029166666666666667
3 0.319921875 0.1597222222222222 0.01953125 0.022222222222222223
3 0.240625 0.1597222222222222 0.0140625 0.016666666666666666
3 0.295703125 0.14097222222222222 0.01484375 0.018055555555555554
3 0.312109375 0.1375 0.01640625 0.016666666666666666
3 0.341796875 0.15416666666666667 0.01640625 0.022222222222222223
3 0.201171875 0.13125 0.01328125 0.018055555555555554
3 0.22265625 0.1284722222222222 0.009375 0.015277777777777777
3 0.25859375 0.11041666666666666 0.009375 0.015277777777777777
3 0.22421875 0.09930555555555555 0.009375 0.015277777777777777
3 0.21015625 0.10625 0.009375 0.0125
3 0.23046875 0.0798611111111111 0.00625 0.009722222222222222
3 0.2296875 0.06527777777777778 0.0078125 0.011111111111111112
3 0.250390625 0.08680555555555555 0.00703125 0.009722222222222222
3 0.250390625 0.10486111111111111 0.00703125 0.009722222222222222
3 0.266796875 0.10069444444444445 0.00703125 0.0125
3 0.25859375 0.09513888888888888 0.0078125 0.015277777777777777
4 0.409765625 0.18472222222222223 0.02890625 0.03333333333333333
2 0.522265625 0.23958333333333334 0.03984375 0.043055555555555555
2 0.666015625 0.14583333333333334 0.02890625 0.027777777777777776
2 0.5765625 0.13333333333333333 0.01875 0.025