4 0.046875 0.42430555555555555 0.0921875 0.2152777777777778
4 0.137890625 0.3215277777777778 0.11640625 0.10416666666666667
4 0.3359375 0.25625 0.096875 0.10972222222222222
4 0.665234375 0.07847222222222222 0.04453125 0.05138888888888889
4 0.81015625 0.08194444444444444 0.021875 0.03333333333333333
3 0.809765625 0.10972222222222222 0.02109375 0.019444444444444445
3 0.851171875 0.08819444444444445 0.01640625 0.018055555555555554
3 0.765234375 0.07361111111111111 0.01484375 0.016666666666666666
3 0.788671875 0.07083333333333333 0.01171875 0.016666666666666666
3 0.741015625 0.07847222222222222 0.01796875 0.018055555555555554
3 0.7171875 0.07361111111111111 0.01875 0.019444444444444445
3 0.691796875 0.0875 0.02890625 0.027777777777777776
3 0.612109375 0.12291666666666666 0.02421875 0.02638888888888889
3 0.5828125 0.13402777777777777 0.03125 0.0375
3 0.55078125 0.15416666666666667 0.034375 0.03333333333333333
3 0.5015625 0.1763888888888889 0.040625 0.05277777777777778
3 0.4203125 0.16111111111111112 0.040625 0.03611111111111111
3 0.43359375 0.2048611111111111 0.0546875 0.06527777777777778
3 0.219140625 0.33402777777777776 0.09765625 0.10694444444444444
3 0.25546875 0.2659722222222222 0.0796875 0.07361111111111111
3 0.29140625 0.20694444444444443 0.0609375 0.058333333333333334