3 0.413671875 0.3125 0.06328125 0.07222222222222222
3 0.47109375 0.24930555555555556 0.04375 0.05138888888888889
3 0.57734375 0.22083333333333333 0.0421875 0.04722222222222222
3 0.616796875 0.19722222222222222 0.03515625 0.041666666666666664
3 0.653515625 0.1763888888888889 0.03203125 0.03888888888888889
2 0.394140625 0.2861111111111111 0.06328125 0.06944444444444445
4 0.5109375 0.25833333333333336 0.0578125 0.06666666666666667
4 0.435546875 0.20833333333333334 0.17578125 0.1638888888888889
2 0.541015625 0.20902777777777778 0.04453125 0.05416666666666667
2 0.260546875 0.25625 0.05703125 0.043055555555555555
2 0.288671875 0.2465277777777778 0.05234375 0.04027777777777778
2 0.309765625 0.23333333333333334 0.06015625 0.04722222222222222
2 0.341796875 0.1701388888888889 0.03515625 0.03194444444444444
2 0.582421875 0.18541666666666667 0.03515625 0.034722222222222224
3 0.590625 0.15902777777777777 0.0390625 0.03194444444444444
3 0.757421875 0.14791666666666667 0.02421875 0.029166666666666667
3 0.853515625 0.06736111111111111 0.01171875 0.018055555555555554