4 0.0421875 0.22083333333333333 0.0828125 0.06388888888888888
2 0.13046875 0.41180555555555554 0.1125 0.11805555555555555
3 0.33046875 0.2861111111111111 0.0734375 0.06944444444444445
3 0.422265625 0.23402777777777778 0.05546875 0.059722222222222225
3 0.52734375 0.17083333333333334 0.0375 0.04722222222222222
3 0.674609375 0.09027777777777778 0.01953125 0.022222222222222223
3 0.721875 0.07847222222222222 0.01875 0.02361111111111111
3 0.79609375 0.09652777777777778 0.01875 0.02361111111111111
3 0.776171875 0.07916666666666666 0.01484375 0.016666666666666666
3 0.406640625 0.10694444444444444 0.02265625 0.025
3 0.366796875 0.10555555555555556 0.01953125 0.019444444444444445
3 0.3453125 0.10486111111111111 0.0203125 0.020833333333333332
2 0.86171875 0.08611111111111111 0.0125 0.016666666666666666
2 0.88984375 0.07708333333333334 0.0078125 0.0125