2 0.96875 0.25277777777777777 0.0625 0.05555555555555555
2 0.737109375 0.38958333333333334 0.10234375 0.09305555555555556
2 0.553515625 0.28680555555555554 0.05390625 0.05416666666666667
2 0.6046875 0.2791666666666667 0.04375 0.04722222222222222
3 0.584765625 0.3888888888888889 0.08046875 0.07777777777777778
2 0.228515625 0.18680555555555556 0.02265625 0.034722222222222224
2 0.271875 0.1951388888888889 0.0203125 0.03194444444444444
3 0.20390625 0.1361111111111111 0.0140625 0.022222222222222223
3 0.323828125 0.14444444444444443 0.01796875 0.013888888888888888
3 0.20546875 0.10277777777777777 0.009375 0.011111111111111112
3 0.252734375 0.09236111111111112 0.00859375 0.009722222222222222
3 0.628125 0.1638888888888889 0.0296875 0.030555555555555555
3 0.64140625 0.14583333333333334 0.0328125 0.025