2 0.071875 0.44027777777777777 0.134375 0.14722222222222223
2 0.058203125 0.3729166666666667 0.11328125 0.10972222222222222
2 0.0765625 0.30694444444444446 0.1015625 0.09166666666666666
2 0.18828125 0.3034722222222222 0.08125 0.0875
2 0.280859375 0.2520833333333333 0.07109375 0.0763888888888889
3 0.2609375 0.3277777777777778 0.096875 0.07777777777777778
3 0.34296875 0.2701388888888889 0.0671875 0.07361111111111111
3 0.361328125 0.20972222222222223 0.05390625 0.058333333333333334
3 0.410546875 0.2298611111111111 0.05390625 0.05416666666666667
3 0.4140625 0.18680555555555556 0.046875 0.04583333333333333
3 0.47265625 0.19444444444444445 0.04375 0.05
3 0.523828125 0.1701388888888889 0.03671875 0.034722222222222224
3 0.555859375 0.14652777777777778 0.03515625 0.04027777777777778
3 0.58359375 0.13333333333333333 0.025 0.030555555555555555
4 0.473046875 0.15625 0.05390625 0.05138888888888889
3 0.715234375 0.20277777777777778 0.03046875 0.041666666666666664
3 0.742578125 0.12222222222222222 0.02109375 0.022222222222222223
3 0.765625 0.13958333333333334 0.0296875 0.0375
3 0.787890625 0.09861111111111111 0.01640625 0.019444444444444445
3 0.835546875 0.08958333333333333 0.01796875 0.02361111111111111
3 0.6640625 0.11805555555555555 0.021875 0.025
3 0.61640625 0.12152777777777778 0.028125 0.029166666666666667
2 0.549609375 0.10694444444444444 0.03515625 0.03888888888888889
3 0.678515625 0.09513888888888888 0.02109375 0.02638888888888889
3 0.698046875 0.08958333333333333 0.01796875 0.020833333333333332
3 0.71796875 0.08611111111111111 0.01875 0.019444444444444445
3 0.7390625 0.08055555555555556 0.0171875 0.016666666666666666
3 0.75625 0.0763888888888889 0.0171875 0.016666666666666666
2 0.66015625 0.08402777777777778 0.0203125 0.020833333333333332
3 0.6390625 0.11041666666666666 0.0234375 0.029166666666666667