2 0.6034722222222222 0.3958333333333333 0.06527777777777778 0.0875
3 0.49930555555555556 0.3802083333333333 0.05416666666666667 0.06458333333333334
3 0.41875 0.39479166666666665 0.05138888888888889 0.08541666666666667
2 0.4 0.3375 0.03888888888888889 0.0625
3 0.48541666666666666 0.33541666666666664 0.0375 0.04583333333333333
3 0.38472222222222224 0.30520833333333336 0.03333333333333333 0.04375
3 0.4548611111111111 0.296875 0.029166666666666667 0.04791666666666667
0 0.3819444444444444 0.26145833333333335 0.03333333333333333 0.04375
3 0.475 0.1375 0.019444444444444445 0.020833333333333332
3 0.36319444444444443 0.20416666666666666 0.020833333333333332 0.029166666666666667
3 0.36736111111111114 0.24791666666666667 0.020833333333333332 0.0375