2 0.7979166666666667 0.6364583333333333 0.2375 0.27291666666666664
2 0.41388888888888886 0.39895833333333336 0.09166666666666666 0.09791666666666667
2 0.5673611111111111 0.5104166666666666 0.12361111111111112 0.12916666666666668
2 0.33402777777777776 0.42916666666666664 0.0875 0.09583333333333334
3 0.8145833333333333 0.9020833333333333 0.2375 0.19583333333333333
3 0.6111111111111112 0.7208333333333333 0.18055555555555555 0.19166666666666668
3 0.2125 0.23333333333333334 0.03611111111111111 0.041666666666666664
4 0.2986111111111111 0.28541666666666665 0.11944444444444445 0.1375
3 0.1798611111111111 0.21458333333333332 0.03194444444444444 0.041666666666666664
3 0.12986111111111112 0.16458333333333333 0.03194444444444444 0.0375
3 0.10208333333333333 0.1375 0.018055555555555554 0.025