2 0.7027777777777777 0.8010416666666667 0.2777777777777778 0.20208333333333334
3 0.8375 0.6666666666666666 0.20833333333333334 0.1625
3 0.3388888888888889 0.9739583333333334 0.2611111111111111 0.052083333333333336
4 0.09722222222222222 0.7447916666666666 0.18055555555555555 0.19791666666666666
3 0.25833333333333336 0.378125 0.09722222222222222 0.08125
3 0.34375 0.46041666666666664 0.11805555555555555 0.10416666666666667
3 0.47152777777777777 0.37083333333333335 0.08194444444444444 0.08333333333333333
3 0.5319444444444444 0.31354166666666666 0.07222222222222222 0.08541666666666667
2 0.5951388888888889 0.2677083333333333 0.0625 0.06875
3 0.63125 0.23854166666666668 0.043055555555555555 0.03958333333333333
3 0.6979166666666666 0.32395833333333335 0.06805555555555555 0.07291666666666667
3 0.6881944444444444 0.203125 0.04583333333333333 0.035416666666666666
3 0.8756944444444444 0.121875 0.029166666666666667 0.027083333333333334
3 0.09861111111111111 0.271875 0.07222222222222222 0.03958333333333333