2 0.8381944444444445 0.8708333333333333 0.2763888888888889 0.25833333333333336
2 0.9368055555555556 0.7854166666666667 0.10416666666666667 0.20833333333333334
3 0.5701388888888889 0.6614583333333334 0.19027777777777777 0.21458333333333332
3 0.7027777777777777 0.6104166666666667 0.18333333333333332 0.15416666666666667
3 0.38680555555555557 0.5177083333333333 0.1125 0.11458333333333333
3 0.30486111111111114 0.421875 0.09583333333333334 0.10208333333333333
2 0.23333333333333334 0.3541666666666667 0.07222222222222222 0.08333333333333333
2 0.5069444444444444 0.44895833333333335 0.14444444444444443 0.13958333333333334
2 0.3715277777777778 0.36770833333333336 0.1125 0.11458333333333333
4 0.29930555555555555 0.31145833333333334 0.08194444444444444 0.08125
4 0.14027777777777778 0.20416666666666666 0.058333333333333334 0.075
2 0.18611111111111112 0.2375 0.05 0.05
3 0.22152777777777777 0.26875 0.04861111111111111 0.04583333333333333
3 0.17430555555555555 0.31145833333333334 0.05416666666666667 0.05625
3 0.14166666666666666 0.284375 0.04722222222222222 0.04791666666666667
3 0.1125 0.2604166666666667 0.041666666666666664 0.041666666666666664
0 0.45625 0.24270833333333333 0.11527777777777778 0.09375
3 0.9631944444444445 0.178125 0.04583333333333333 0.04375