2 0.26458333333333334 0.3770833333333333 0.0763888888888889 0.1
2 0.3611111111111111 0.3614583333333333 0.07777777777777778 0.08958333333333333
2 0.15833333333333333 0.33229166666666665 0.058333333333333334 0.07291666666666667
3 0.17777777777777778 0.39895833333333336 0.06388888888888888 0.08125
3 0.3034722222222222 0.3020833333333333 0.05694444444444444 0.0625
3 0.22916666666666666 0.3177083333333333 0.05277777777777778 0.05625
3 0.2652777777777778 0.265625 0.044444444444444446 0.05625
3 0.2013888888888889 0.2791666666666667 0.04722222222222222 0.05
3 0.12013888888888889 0.28020833333333334 0.04583333333333333 0.05625
3 0.2076388888888889 0.203125 0.034722222222222224 0.03958333333333333
3 0.175 0.24479166666666666 0.03888888888888889 0.03958333333333333
3 0.14583333333333334 0.19375 0.03333333333333333 0.03333333333333333