2 0.17291666666666666 0.696875 0.22083333333333333 0.18958333333333333
2 0.15138888888888888 0.5583333333333333 0.17777777777777778 0.17083333333333334
2 0.5340277777777778 0.2864583333333333 0.07361111111111111 0.06875
4 0.13680555555555557 0.4270833333333333 0.25416666666666665 0.2125
3 0.3763888888888889 0.415625 0.10833333333333334 0.10208333333333333
3 0.46111111111111114 0.3489583333333333 0.08611111111111111 0.08125
3 0.5645833333333333 0.35833333333333334 0.08194444444444444 0.07083333333333333
3 0.6881944444444444 0.3302083333333333 0.0625 0.06041666666666667
4 0.5993055555555555 0.234375 0.07916666666666666 0.10625
3 0.73125 0.21458333333333332 0.05138888888888889 0.0375
3 0.8097222222222222 0.19479166666666667 0.04722222222222222 0.03958333333333333
3 0.7722222222222223 0.175 0.03611111111111111 0.029166666666666667
3 0.8215277777777777 0.12604166666666666 0.02361111111111111 0.027083333333333334