3 0.21319444444444444 0.9489583333333333 0.33194444444444443 0.10208333333333333
3 0.65625 0.47708333333333336 0.09861111111111111 0.10833333333333334
2 0.19166666666666668 0.3927083333333333 0.11666666666666667 0.10208333333333333
2 0.30277777777777776 0.33229166666666665 0.08888888888888889 0.06875
0 0.5319444444444444 0.196875 0.11388888888888889 0.08958333333333333
3 0.35833333333333334 0.42083333333333334 0.1111111111111111 0.1125
3 0.28055555555555556 0.4166666666666667 0.10277777777777777 0.1
3 0.39861111111111114 0.3375 0.08611111111111111 0.06666666666666667
3 0.5034722222222222 0.31875 0.07916666666666666 0.058333333333333334
3 0.43819444444444444 0.26875 0.05694444444444444 0.04583333333333333
3 0.12361111111111112 0.253125 0.06666666666666667 0.03958333333333333
3 0.2125 0.22604166666666667 0.06111111111111111 0.03125