4 0.7215277777777778 0.8197916666666667 0.17916666666666667 0.23958333333333334
3 0.5666666666666667 0.896875 0.13333333333333333 0.20625
3 0.4625 0.5729166666666666 0.08055555555555556 0.12916666666666668
2 0.7854166666666667 0.390625 0.0763888888888889 0.06458333333333334
3 0.6069444444444444 0.30833333333333335 0.05 0.041666666666666664
3 0.3972222222222222 0.37604166666666666 0.044444444444444446 0.06041666666666667
3 0.3680555555555556 0.26666666666666666 0.030555555555555555 0.03333333333333333
3 0.3548611111111111 0.21354166666666666 0.02638888888888889 0.03125
3 0.40069444444444446 0.20729166666666668 0.02638888888888889 0.03125
3 0.5486111111111112 0.240625 0.03333333333333333 0.027083333333333334
3 0.5826388888888889 0.23020833333333332 0.0375 0.03125