2 0.17430555555555555 0.81875 0.27361111111111114 0.16666666666666666
3 0.7930555555555555 0.5489583333333333 0.1638888888888889 0.11458333333333333
4 0.2722222222222222 0.29270833333333335 0.11944444444444445 0.15208333333333332
3 0.21319444444444444 0.35 0.0625 0.07083333333333333
3 0.1736111111111111 0.30520833333333336 0.04722222222222222 0.05625
3 0.15208333333333332 0.26145833333333335 0.04583333333333333 0.04791666666666667
2 0.20069444444444445 0.246875 0.02638888888888889 0.052083333333333336
3 0.1284722222222222 0.23645833333333333 0.034722222222222224 0.03958333333333333
2 0.11875 0.20416666666666666 0.04027777777777778 0.0375
3 0.18958333333333333 0.215625 0.029166666666666667 0.03958333333333333
3 0.1625 0.19895833333333332 0.025 0.035416666666666666
3 0.09166666666666666 0.17604166666666668 0.027777777777777776 0.035416666666666666