2 0.0625 0.775 0.11666666666666667 0.22083333333333333
2 0.08263888888888889 0.5947916666666667 0.1375 0.16875
2 0.24722222222222223 0.5927083333333333 0.17777777777777778 0.18958333333333333
2 0.4840277777777778 0.5052083333333334 0.12638888888888888 0.14791666666666667
2 0.16041666666666668 0.453125 0.12638888888888888 0.12708333333333333
4 0.3138888888888889 0.33229166666666665 0.18055555555555555 0.17291666666666666
3 0.25763888888888886 0.4875 0.13472222222222222 0.10416666666666667
3 0.4340277777777778 0.44375 0.10972222222222222 0.1
3 0.5590277777777778 0.34270833333333334 0.07361111111111111 0.07708333333333334
3 0.45069444444444445 0.29375 0.07083333333333333 0.058333333333333334
3 0.5236111111111111 0.25625 0.05277777777777778 0.041666666666666664
3 0.5715277777777777 0.26875 0.05416666666666667 0.05
3 0.6090277777777777 0.30520833333333336 0.05694444444444444 0.05625
3 0.6506944444444445 0.26145833333333335 0.05416666666666667 0.052083333333333336
3 0.6145833333333334 0.20104166666666667 0.04027777777777778 0.03958333333333333
3 0.7118055555555556 0.215625 0.034722222222222224 0.035416666666666666
3 0.7104166666666667 0.18020833333333333 0.04027777777777778 0.035416666666666666
3 0.6604166666666667 0.16979166666666667 0.0375 0.03958333333333333
3 0.7590277777777777 0.17083333333333334 0.029166666666666667 0.029166666666666667
3 0.7847222222222222 0.153125 0.027777777777777776 0.027083333333333334