3 0.15902777777777777 0.834375 0.24305555555555555 0.20625
3 0.38472222222222224 0.4083333333333333 0.1111111111111111 0.09166666666666666
3 0.32222222222222224 0.37916666666666665 0.1111111111111111 0.1
3 0.5104166666666666 0.39375 0.0875 0.075
3 0.6777777777777778 0.3416666666666667 0.06944444444444445 0.06666666666666667
3 0.6604166666666667 0.26458333333333334 0.059722222222222225 0.05
3 0.4875 0.2864583333333333 0.07222222222222222 0.052083333333333336
3 0.5041666666666667 0.23645833333333333 0.06111111111111111 0.04375
3 0.7756944444444445 0.21875 0.043055555555555555 0.041666666666666664
3 0.76875 0.16458333333333333 0.034722222222222224 0.029166666666666667
3 0.6152777777777778 0.20208333333333334 0.05277777777777778 0.0375
3 0.09861111111111111 0.2625 0.06666666666666667 0.0375
0 0.9006944444444445 0.6708333333333333 0.18472222222222223 0.2375
3 0.6826388888888889 0.15833333333333333 0.0375 0.03333333333333333
3 0.83125 0.11041666666666666 0.02638888888888889 0.020833333333333332
3 0.8756944444444444 0.10520833333333333 0.020833333333333332 0.01875
3 0.7555555555555555 0.11770833333333333 0.025 0.022916666666666665
3 0.7840277777777778 0.09479166666666666 0.02361111111111111 0.01875