3 0.6409722222222223 0.9145833333333333 0.2152777777777778 0.17083333333333334
3 0.5013888888888889 0.5041666666666667 0.125 0.125
2 0.24097222222222223 0.571875 0.10972222222222222 0.17291666666666666
3 0.29375 0.4322916666666667 0.07916666666666666 0.09791666666666667
3 0.36180555555555555 0.36770833333333336 0.0763888888888889 0.08541666666666667
2 0.49583333333333335 0.3229166666666667 0.07777777777777778 0.07083333333333333
3 0.3104166666666667 0.30520833333333336 0.06805555555555555 0.06875
3 0.1701388888888889 0.23333333333333334 0.04027777777777778 0.041666666666666664
3 0.22361111111111112 0.225 0.03611111111111111 0.0375
3 0.2659722222222222 0.25833333333333336 0.05416666666666667 0.0625
3 0.11944444444444445 0.2552083333333333 0.04722222222222222 0.06041666666666667
3 0.07847222222222222 0.18125 0.029166666666666667 0.0375
3 0.17291666666666666 0.17708333333333334 0.03194444444444444 0.029166666666666667