3 0.5055555555555555 0.7614583333333333 0.15833333333333333 0.18541666666666667
3 0.16597222222222222 0.8375 0.2263888888888889 0.21666666666666667
3 0.3763888888888889 0.6291666666666667 0.15555555555555556 0.17916666666666667
3 0.15763888888888888 0.56875 0.1597222222222222 0.15
3 0.5236111111111111 0.48125 0.13333333333333333 0.14583333333333334
3 0.8048611111111111 0.446875 0.0763888888888889 0.08958333333333333
3 0.6208333333333333 0.3958333333333333 0.07777777777777778 0.08333333333333333
3 0.6548611111111111 0.3416666666666667 0.0625 0.0625
3 0.7048611111111112 0.29791666666666666 0.05138888888888889 0.05
3 0.6152777777777778 0.30104166666666665 0.06388888888888888 0.06041666666666667
3 0.5194444444444445 0.3770833333333333 0.08888888888888889 0.07916666666666666
3 0.5319444444444444 0.25 0.05555555555555555 0.041666666666666664
3 0.3277777777777778 0.44583333333333336 0.11388888888888889 0.1
2 0.24930555555555556 0.5885416666666666 0.1625 0.15208333333333332
2 0.3888888888888889 0.478125 0.11944444444444445 0.11458333333333333
2 0.4361111111111111 0.35 0.10833333333333334 0.10833333333333334
2 0.23333333333333334 0.41875 0.11388888888888889 0.10833333333333334
2 0.07430555555555556 0.4979166666666667 0.1375 0.125
2 0.08125 0.75625 0.15416666666666667 0.24166666666666667