3 0.8618055555555556 0.8989583333333333 0.2513888888888889 0.20208333333333334
3 0.8652777777777778 0.7166666666666667 0.225 0.2
3 0.34097222222222223 0.46875 0.0875 0.09583333333333334
3 0.35208333333333336 0.34375 0.0763888888888889 0.06666666666666667
3 0.21388888888888888 0.3416666666666667 0.06111111111111111 0.06666666666666667
3 0.30277777777777776 0.19895833333333332 0.041666666666666664 0.03958333333333333
3 0.11388888888888889 0.25833333333333336 0.041666666666666664 0.041666666666666664
3 0.13958333333333334 0.21875 0.0375 0.029166666666666667
3 0.06319444444444444 0.21354166666666666 0.04027777777777778 0.03958333333333333
3 0.1326388888888889 0.15520833333333334 0.029166666666666667 0.03125
3 0.06041666666666667 0.16145833333333334 0.02638888888888889 0.027083333333333334
3 0.4354166666666667 0.13125 0.04583333333333333 0.0375