2 0.09583333333333334 0.26875 0.075 0.04583333333333333
2 0.36736111111111114 0.4239583333333333 0.1125 0.10625
2 0.2875 0.403125 0.1 0.09791666666666667
3 0.17430555555555555 0.4239583333333333 0.10416666666666667 0.08958333333333333
3 0.3159722222222222 0.33645833333333336 0.0763888888888889 0.04375
3 0.4097222222222222 0.33958333333333335 0.08611111111111111 0.07083333333333333
3 0.5 0.28541666666666665 0.06388888888888888 0.05416666666666667
3 0.5569444444444445 0.21354166666666666 0.041666666666666664 0.035416666666666666
3 0.8444444444444444 0.13125 0.025 0.029166666666666667
3 0.15902777777777777 0.25104166666666666 0.059722222222222225 0.035416666666666666
0 0.44305555555555554 0.24375 0.15 0.125
2 0.95625 0.13125 0.05138888888888889 0.03333333333333333