3 0.15482954545454544 0.5791666666666667 0.09090909090909091 0.05
3 0.06321022727272728 0.4583333333333333 0.07244318181818182 0.04583333333333333
3 0.13139204545454544 0.4625 0.061079545454545456 0.041666666666666664
3 0.18892045454545456 0.46875 0.05113636363636364 0.04583333333333333
3 0.6910511363636364 0.4552083333333333 0.07244318181818182 0.07708333333333334
3 0.5894886363636364 0.371875 0.05965909090909091 0.06458333333333334
3 0.5284090909090909 0.31979166666666664 0.045454545454545456 0.052083333333333336
3 0.47017045454545453 0.2760416666666667 0.02556818181818182 0.035416666666666666
3 0.4481534090909091 0.2604166666666667 0.026988636363636364 0.03333333333333333
3 0.39417613636363635 0.18854166666666666 0.02130681818181818 0.022916666666666665
4 0.8700284090909091 0.25104166666666666 0.08380681818181818 0.04791666666666667