3 0.9332386363636364 0.409375 0.07670454545454546 0.052083333333333336
3 0.5276988636363636 0.44583333333333336 0.06392045454545454 0.075
3 0.38139204545454547 0.28541666666666665 0.032670454545454544 0.0375
3 0.3210227272727273 0.284375 0.028409090909090908 0.035416666666666666
2 0.0703125 0.765625 0.12073863636363637 0.09375
2 0.7833806818181818 0.36354166666666665 0.06392045454545454 0.04791666666666667
2 0.6917613636363636 0.30833333333333335 0.05113636363636364 0.04583333333333333
4 0.23650568181818182 0.6895833333333333 0.11221590909090909 0.0875
4 0.23011363636363635 0.5927083333333333 0.23295454545454544 0.13125
2 0.15625 0.578125 0.08806818181818182 0.06041666666666667
3 0.16477272727272727 0.4875 0.06818181818181818 0.05
3 0.5539772727272727 0.240625 0.03409090909090909 0.03125
3 0.030539772727272728 0.6260416666666667 0.05823863636363636 0.05625
3 0.5745738636363636 0.234375 0.032670454545454544 0.022916666666666665
3 0.4715909090909091 0.20416666666666666 0.019886363636363636 0.025