3 0.4388888888888889 0.25 0.027777777777777776 0.029166666666666667
3 0.5152777777777777 0.22604166666666667 0.022222222222222223 0.022916666666666665
3 0.3645833333333333 0.17291666666666666 0.020833333333333332 0.025
4 0.8305555555555556 0.234375 0.07222222222222222 0.052083333333333336
3 0.8881944444444444 0.2375 0.02361111111111111 0.0125
3 0.44027777777777777 0.1625 0.013888888888888888 0.016666666666666666
3 0.4708333333333333 0.18958333333333333 0.019444444444444445 0.016666666666666666
3 0.3902777777777778 0.14166666666666666 0.016666666666666666 0.016666666666666666
3 0.17430555555555555 0.14791666666666667 0.02361111111111111 0.016666666666666666
3 0.25555555555555554 0.15625 0.022222222222222223 0.016666666666666666
3 0.32708333333333334 0.16458333333333333 0.020833333333333332 0.0125