4 0.4041193181818182 0.325 0.078125 0.058333333333333334
4 0.8515625 0.228125 0.10369318181818182 0.06458333333333334
2 0.9232954545454546 0.2604166666666667 0.05965909090909091 0.03333333333333333
2 0.5596590909090909 0.21666666666666667 0.03125 0.03333333333333333
3 0.2713068181818182 0.33958333333333335 0.06818181818181818 0.04583333333333333
3 0.609375 0.2708333333333333 0.056818181818181816 0.029166666666666667
3 0.3678977272727273 0.23958333333333334 0.03977272727272727 0.020833333333333332
3 0.44957386363636365 0.22916666666666666 0.032670454545454544 0.029166666666666667
3 0.49360795454545453 0.225 0.029829545454545456 0.029166666666666667
3 0.5816761363636364 0.175 0.02130681818181818 0.025
3 0.5241477272727273 0.20625 0.02556818181818182 0.025
0 0.48579545454545453 0.20520833333333333 0.03409090909090909 0.03958333333333333