4 0.79375 0.5833333333333334 0.3958333333333333 0.3541666666666667
4 0.5083333333333333 0.328125 0.16666666666666666 0.15625
4 0.9041666666666667 0.3375 0.17777777777777778 0.12916666666666668
4 0.37222222222222223 0.140625 0.05555555555555555 0.03958333333333333
3 0.4909722222222222 0.41354166666666664 0.05416666666666667 0.04791666666666667
3 0.3423611111111111 0.3177083333333333 0.043055555555555555 0.03125
3 0.6215277777777778 0.38333333333333336 0.05138888888888889 0.0375
3 0.6631944444444444 0.371875 0.04861111111111111 0.03958333333333333
3 0.6194444444444445 0.265625 0.03333333333333333 0.022916666666666665
3 0.23194444444444445 0.2520833333333333 0.030555555555555555 0.029166666666666667
3 0.4777777777777778 0.221875 0.019444444444444445 0.014583333333333334
4 0.20902777777777778 0.146875 0.0375 0.052083333333333336