2 0.453125 0.7364583333333333 0.14488636363636365 0.17291666666666666
2 0.1612215909090909 0.6291666666666667 0.13494318181818182 0.10833333333333334
2 0.04758522727272727 0.525 0.09232954545454546 0.09166666666666666
2 0.35298295454545453 0.4635416666666667 0.078125 0.06875
2 0.6548295454545454 0.315625 0.04261363636363636 0.04791666666666667
2 0.6995738636363636 0.25729166666666664 0.029829545454545456 0.035416666666666666
3 0.4247159090909091 0.5854166666666667 0.10227272727272728 0.10416666666666667
3 0.26136363636363635 0.440625 0.08522727272727272 0.07291666666666667
3 0.23650568181818182 0.375 0.06960227272727272 0.06666666666666667
3 0.4921875 0.3541666666666667 0.05823863636363636 0.05
3 0.6732954545454546 0.38958333333333334 0.045454545454545456 0.05416666666666667
3 0.7798295454545454 0.21666666666666667 0.022727272727272728 0.025
3 0.7620738636363636 0.1875 0.02130681818181818 0.020833333333333332
3 0.09019886363636363 0.45 0.09801136363636363 0.06666666666666667
3 0.0390625 0.615625 0.07244318181818182 0.10208333333333333
3 0.3231534090909091 0.3333333333333333 0.052556818181818184 0.04583333333333333
3 0.5333806818181818 0.18958333333333333 0.026988636363636364 0.020833333333333332
3 0.31605113636363635 0.30104166666666665 0.04971590909090909 0.03958333333333333