2 0.9019886363636364 0.9208333333333333 0.19602272727272727 0.15833333333333333
2 0.6633522727272727 0.7770833333333333 0.19886363636363635 0.1875
2 0.4950284090909091 0.40729166666666666 0.08664772727272728 0.052083333333333336
2 0.21803977272727273 0.3145833333333333 0.04971590909090909 0.0375
3 0.42542613636363635 0.6510416666666666 0.1377840909090909 0.12291666666666666
3 0.2677556818181818 0.5489583333333333 0.11789772727272728 0.08541666666666667
3 0.14772727272727273 0.4666666666666667 0.07386363636363637 0.06666666666666667
3 0.04758522727272727 0.39895833333333336 0.046875 0.05625
3 0.12002840909090909 0.275 0.041193181818181816 0.041666666666666664
3 0.49360795454545453 0.378125 0.07528409090909091 0.035416666666666666
4 0.4318181818181818 0.22291666666666668 0.048295454545454544 0.04583333333333333
4 0.5532670454545454 0.19895833333333332 0.052556818181818184 0.03958333333333333
3 0.4865056818181818 0.28541666666666665 0.026988636363636364 0.025
4 0.6789772727272727 0.21770833333333334 0.04261363636363636 0.035416666666666666