3 0.5042613636363636 0.6177083333333333 0.10511363636363637 0.13125
3 0.7521306818181818 0.34479166666666666 0.07244318181818182 0.05625
3 0.4012784090909091 0.35208333333333336 0.052556818181818184 0.0625
3 0.3025568181818182 0.30416666666666664 0.045454545454545456 0.058333333333333334
3 0.1924715909090909 0.40520833333333334 0.052556818181818184 0.04375
3 0.2507102272727273 0.221875 0.026988636363636364 0.03125
3 0.28551136363636365 0.21979166666666666 0.02556818181818182 0.027083333333333334
4 0.3053977272727273 0.184375 0.06534090909090909 0.07708333333333334
4 0.47798295454545453 0.19791666666666666 0.05823863636363636 0.05
4 0.7933238636363636 0.23333333333333334 0.08096590909090909 0.041666666666666664
4 0.9822443181818182 0.20729166666666668 0.032670454545454544 0.035416666666666666