3 0.3018465909090909 0.3072916666666667 0.052556818181818184 0.04791666666666667
3 0.35014204545454547 0.5364583333333334 0.10085227272727272 0.08125
3 0.3224431818181818 0.475 0.08806818181818182 0.06666666666666667
3 0.4041193181818182 0.409375 0.06960227272727272 0.06458333333333334
3 0.45667613636363635 0.43645833333333334 0.06960227272727272 0.06041666666666667
3 0.5106534090909091 0.38125 0.061079545454545456 0.05416666666666667
3 0.4744318181818182 0.35208333333333336 0.05397727272727273 0.05
3 0.6811079545454546 0.2677083333333333 0.032670454545454544 0.03125
3 0.4822443181818182 0.21770833333333334 0.029829545454545456 0.027083333333333334
3 0.5511363636363636 0.2 0.03125 0.025
3 0.8870738636363636 0.23125 0.05539772727272727 0.029166666666666667
3 0.8586647727272727 0.246875 0.04403409090909091 0.022916666666666665