3 0.12357954545454546 0.453125 0.07102272727272728 0.052083333333333336
3 0.30042613636363635 0.23958333333333334 0.026988636363636364 0.03333333333333333
3 0.9197443181818182 0.259375 0.024147727272727272 0.022916666666666665
3 0.8927556818181818 0.25416666666666665 0.02130681818181818 0.020833333333333332
3 0.8103693181818182 0.24583333333333332 0.024147727272727272 0.020833333333333332
3 0.6882102272727273 0.321875 0.052556818181818184 0.035416666666666666
3 0.6178977272727273 0.28541666666666665 0.03977272727272727 0.029166666666666667
3 0.5816761363636364 0.2635416666666667 0.029829545454545456 0.03125
3 0.765625 0.4 0.06534090909090909 0.05416666666666667
3 0.8068181818181818 0.378125 0.05397727272727273 0.052083333333333336
4 0.9211647727272727 0.409375 0.15767045454545456 0.15208333333333332
4 0.40482954545454547 0.17916666666666667 0.048295454545454544 0.04583333333333333
4 0.6867897727272727 0.25625 0.09801136363636363 0.058333333333333334
4 0.5404829545454546 0.23854166666666668 0.052556818181818184 0.04791666666666667
2 0.5220170454545454 0.27395833333333336 0.041193181818181816 0.03958333333333333
3 0.46519886363636365 0.20729166666666668 0.024147727272727272 0.022916666666666665
3 0.4190340909090909 0.21875 0.02556818181818182 0.029166666666666667
3 0.22301136363636365 0.19375 0.019886363636363636 0.020833333333333332
3 0.23863636363636365 0.17395833333333333 0.019886363636363636 0.01875
3 0.28125 0.18645833333333334 0.017045454545454544 0.01875
3 0.20880681818181818 0.17083333333333334 0.017045454545454544 0.020833333333333332