2 0.2911931818181818 0.8020833333333334 0.14772727272727273 0.17916666666666667
2 0.34730113636363635 0.6739583333333333 0.12642045454545456 0.13958333333333334
2 0.7009943181818182 0.4708333333333333 0.08948863636363637 0.06666666666666667
3 0.9474431818181818 0.571875 0.10511363636363637 0.08958333333333333
3 0.3799715909090909 0.5916666666666667 0.11505681818181818 0.10833333333333334
3 0.4453125 0.546875 0.10653409090909091 0.09791666666666667
3 0.5 0.3572916666666667 0.07102272727272728 0.052083333333333336
3 0.39417613636363635 0.3541666666666667 0.06960227272727272 0.04583333333333333
3 0.1924715909090909 0.3927083333333333 0.06392045454545454 0.052083333333333336
3 0.29332386363636365 0.31875 0.04971590909090909 0.0375
3 0.2649147727272727 0.2875 0.03835227272727273 0.029166666666666667
3 0.21164772727272727 0.290625 0.03977272727272727 0.03125
3 0.19105113636363635 0.26458333333333334 0.032670454545454544 0.025
3 0.12642045454545456 0.2635416666666667 0.03125 0.027083333333333334
3 0.6299715909090909 0.296875 0.02130681818181818 0.01875
3 0.48579545454545453 0.26145833333333335 0.022727272727272728 0.01875
3 0.5404829545454546 0.2875 0.024147727272727272 0.020833333333333332
3 0.6498579545454546 0.2677083333333333 0.018465909090909092 0.01875