4 0.9254261363636364 0.5864583333333333 0.14914772727272727 0.21041666666666667
4 0.7379261363636364 0.23125 0.16051136363636365 0.09583333333333334
4 0.5305397727272727 0.30625 0.16619318181818182 0.125
4 0.40198863636363635 0.26145833333333335 0.056818181818181816 0.06875
3 0.7961647727272727 0.471875 0.07528409090909091 0.06041666666666667
3 0.9644886363636364 0.38229166666666664 0.06534090909090909 0.03958333333333333
3 0.8806818181818182 0.321875 0.056818181818181816 0.035416666666666666
3 0.8884943181818182 0.28125 0.046875 0.03333333333333333
3 0.9772727272727273 0.340625 0.045454545454545456 0.03125
3 0.6882102272727273 0.24791666666666667 0.04403409090909091 0.029166666666666667
3 0.2947443181818182 0.20729166666666668 0.029829545454545456 0.027083333333333334
3 0.3146306818181818 0.19895833333333332 0.026988636363636364 0.027083333333333334
3 0.40482954545454547 0.203125 0.028409090909090908 0.027083333333333334
3 0.4303977272727273 0.16041666666666668 0.02556818181818182 0.029166666666666667
3 0.5674715909090909 0.20208333333333334 0.029829545454545456 0.020833333333333332
3 0.5632102272727273 0.171875 0.029829545454545456 0.01875
4 0.2265625 0.08020833333333334 0.041193181818181816 0.03125