4 0.2556818181818182 0.578125 0.11363636363636363 0.07708333333333334
4 0.05894886363636364 0.6145833333333334 0.11505681818181818 0.0875
4 0.24928977272727273 0.37916666666666665 0.05539772727272727 0.075
4 0.5518465909090909 0.234375 0.046875 0.03958333333333333
2 0.6100852272727273 0.7322916666666667 0.1377840909090909 0.19375
2 0.6569602272727273 0.6020833333333333 0.109375 0.125
2 0.7208806818181818 0.540625 0.10085227272727272 0.11875
2 0.5397727272727273 0.38645833333333335 0.05965909090909091 0.07291666666666667
2 0.8394886363636364 0.35833333333333334 0.056818181818181816 0.04583333333333333
3 0.2109375 0.7135416666666666 0.109375 0.07708333333333334
3 0.296875 0.23958333333333334 0.02556818181818182 0.029166666666666667
3 0.32954545454545453 0.303125 0.028409090909090908 0.03958333333333333
3 0.41264204545454547 0.33125 0.03835227272727273 0.04583333333333333
3 0.78125 0.3572916666666667 0.05113636363636364 0.04791666666666667
3 0.9041193181818182 0.428125 0.08096590909090909 0.05625
3 0.4580965909090909 0.27291666666666664 0.03551136363636364 0.041666666666666664
3 0.3622159090909091 0.26458333333333334 0.028409090909090908 0.041666666666666664
3 0.390625 0.2520833333333333 0.022727272727272728 0.03333333333333333
3 0.4147727272727273 0.23333333333333334 0.022727272727272728 0.029166666666666667
3 0.45667613636363635 0.196875 0.024147727272727272 0.022916666666666665
3 0.3039772727272727 0.20416666666666666 0.017045454545454544 0.016666666666666666
3 0.3338068181818182 0.20104166666666667 0.017045454545454544 0.022916666666666665
3 0.8884943181818182 0.2791666666666667 0.02130681818181818 0.016666666666666666