2 0.8103693181818182 0.6645833333333333 0.12357954545454546 0.1375
2 0.5326704545454546 0.40625 0.07102272727272728 0.07916666666666666
3 0.6377840909090909 0.5052083333333334 0.09090909090909091 0.09375
3 0.4616477272727273 0.340625 0.036931818181818184 0.05625
4 0.3309659090909091 0.215625 0.07102272727272728 0.08958333333333333
3 0.8991477272727273 0.30520833333333336 0.02556818181818182 0.01875
3 0.7933238636363636 0.27395833333333336 0.026988636363636364 0.01875
3 0.7904829545454546 0.25104166666666666 0.02130681818181818 0.01875
3 0.8551136363636364 0.24895833333333334 0.028409090909090908 0.022916666666666665
3 0.8764204545454546 0.2677083333333333 0.02556818181818182 0.01875
3 0.9332386363636364 0.24583333333333332 0.022727272727272728 0.020833333333333332
3 0.9637784090909091 0.2520833333333333 0.018465909090909092 0.0125