4 0.04758522727272727 0.48333333333333334 0.09232954545454546 0.1125
4 0.3125 0.334375 0.11931818181818182 0.12291666666666666
3 0.06605113636363637 0.8083333333333333 0.12926136363636365 0.15
3 0.22301136363636365 0.6416666666666667 0.1278409090909091 0.11666666666666667
3 0.39204545454545453 0.471875 0.08522727272727272 0.07708333333333334
3 0.4460227272727273 0.4125 0.06818181818181818 0.058333333333333334
3 0.5014204545454546 0.3572916666666667 0.056818181818181816 0.05625
3 0.6576704545454546 0.265625 0.03125 0.03125
3 0.4992897727272727 0.2520833333333333 0.032670454545454544 0.0375
3 0.5525568181818182 0.20104166666666667 0.019886363636363636 0.022916666666666665
3 0.4914772727272727 0.19375 0.019886363636363636 0.025
3 0.4225852272727273 0.21770833333333334 0.03835227272727273 0.035416666666666666
4 0.9431818181818182 0.23125 0.11363636363636363 0.07916666666666666