2 0.9396306818181818 0.46145833333333336 0.10653409090909091 0.07708333333333334
2 0.7606534090909091 0.36354166666666665 0.06960227272727272 0.04791666666666667
2 0.47798295454545453 0.21145833333333333 0.032670454545454544 0.022916666666666665
2 0.5383522727272727 0.240625 0.03409090909090909 0.027083333333333334
2 0.5916193181818182 0.25 0.04403409090909091 0.03333333333333333
3 0.7286931818181818 0.4125 0.08522727272727272 0.0625
3 0.6349431818181818 0.29270833333333335 0.05397727272727273 0.04375
3 0.32670454545454547 0.27395833333333336 0.036931818181818184 0.04375
3 0.37642045454545453 0.23125 0.028409090909090908 0.029166666666666667
3 0.4240056818181818 0.221875 0.015625 0.03125
3 0.42045454545454547 0.18645833333333334 0.022727272727272728 0.01875
3 0.3259943181818182 0.19479166666666667 0.026988636363636364 0.027083333333333334
3 0.3835227272727273 0.17083333333333334 0.022727272727272728 0.025
3 0.22443181818181818 0.2 0.019886363636363636 0.020833333333333332
3 0.2215909090909091 0.15729166666666666 0.017045454545454544 0.01875
3 0.2578125 0.15104166666666666 0.015625 0.014583333333333334
3 0.2059659090909091 0.17083333333333334 0.011363636363636364 0.016666666666666666
3 0.8210227272727273 0.25416666666666665 0.02556818181818182 0.020833333333333332
4 0.7428977272727273 0.2552083333333333 0.03977272727272727 0.03125