3 0.8305555555555556 0.53125 0.08611111111111111 0.0875
3 0.14305555555555555 0.4739583333333333 0.07222222222222222 0.03958333333333333
3 0.5319444444444444 0.221875 0.022222222222222223 0.022916666666666665
3 0.42291666666666666 0.21666666666666667 0.018055555555555554 0.029166666666666667
3 0.43680555555555556 0.19479166666666667 0.018055555555555554 0.01875
3 0.39444444444444443 0.17916666666666667 0.013888888888888888 0.020833333333333332
3 0.46875 0.190625 0.020833333333333332 0.01875
4 0.4840277777777778 0.171875 0.034722222222222224 0.052083333333333336
4 0.14722222222222223 0.40208333333333335 0.25555555555555554 0.1375
4 0.7166666666666667 0.25416666666666665 0.10833333333333334 0.0625
3 0.8361111111111111 0.315625 0.030555555555555555 0.022916666666666665