3 0.3076388888888889 0.6854166666666667 0.2375 0.14166666666666666
3 0.1763888888888889 0.5625 0.23055555555555557 0.11666666666666667
3 0.41388888888888886 0.41041666666666665 0.14166666666666666 0.0875
3 0.0875 0.46145833333333336 0.17222222222222222 0.11875
3 0.08402777777777778 0.35 0.13472222222222222 0.07916666666666666
2 0.2708333333333333 0.221875 0.058333333333333334 0.08958333333333333
4 0.40208333333333335 0.19166666666666668 0.10138888888888889 0.15
3 0.5722222222222222 0.22083333333333333 0.06944444444444445 0.0625
3 0.74375 0.37083333333333335 0.13472222222222222 0.08333333333333333
3 0.7854166666666667 0.29583333333333334 0.09861111111111111 0.05416666666666667
3 0.9416666666666667 0.43020833333333336 0.10833333333333334 0.08541666666666667
3 0.3451388888888889 0.23645833333333333 0.05416666666666667 0.05625
3 0.23333333333333334 0.20104166666666667 0.030555555555555555 0.04791666666666667