4 0.17109375 0.2861111111111111 0.109375 0.1111111111111111
3 0.162890625 0.21388888888888888 0.06328125 0.044444444444444446
2 0.194921875 0.1951388888888889 0.06328125 0.05694444444444444
4 0.2328125 0.18680555555555556 0.0546875 0.05694444444444444
3 0.300390625 0.1597222222222222 0.05859375 0.041666666666666664
3 0.419140625 0.18888888888888888 0.06796875 0.044444444444444446
3 0.464453125 0.1701388888888889 0.05703125 0.043055555555555555
2 0.491015625 0.16111111111111112 0.05234375 0.041666666666666664
2 0.61328125 0.10347222222222222 0.046875 0.03194444444444444
2 0.634765625 0.09930555555555555 0.03515625 0.02638888888888889
2 0.6671875 0.0798611111111111 0.0421875 0.02638888888888889
3 0.746875 0.09583333333333334 0.03125 0.030555555555555555
3 0.82890625 0.06597222222222222 0.0203125 0.02361111111111111
2 0.9578125 0.041666666666666664 0.0125 0.019444444444444445
4 0.147265625 0.7972222222222223 0.25859375 0.3138888888888889