3 0.5291666666666667 0.8958333333333334 0.18888888888888888 0.20833333333333334
4 0.7208333333333333 0.53125 0.17222222222222222 0.14583333333333334
2 0.4076388888888889 0.44479166666666664 0.07916666666666666 0.10208333333333333
2 0.49375 0.33125 0.0763888888888889 0.06666666666666667
2 0.41458333333333336 0.22708333333333333 0.05138888888888889 0.04583333333333333
3 0.3020833333333333 0.20104166666666667 0.04027777777777778 0.03125
2 0.225 0.22083333333333333 0.04722222222222222 0.05
3 0.16875 0.16979166666666667 0.02638888888888889 0.03125
3 0.2125 0.14375 0.025 0.025
3 0.12777777777777777 0.13125 0.025 0.020833333333333332
3 0.10347222222222222 0.115625 0.029166666666666667 0.01875