4 0.5847222222222223 0.6104166666666667 0.325 0.3333333333333333
4 0.6881944444444444 0.4979166666666667 0.25972222222222224 0.29583333333333334
3 0.41180555555555554 0.246875 0.06805555555555555 0.06458333333333334
4 0.7527777777777778 0.29270833333333335 0.07777777777777778 0.08125
2 0.6416666666666667 0.30104166666666665 0.09444444444444444 0.06458333333333334
4 0.6152777777777778 0.34479166666666666 0.11666666666666667 0.08125
2 0.7826388888888889 0.46041666666666664 0.12916666666666668 0.14166666666666666
2 0.3611111111111111 0.3697916666666667 0.08333333333333333 0.09375
2 0.5083333333333333 0.28958333333333336 0.09444444444444444 0.10416666666666667
2 0.4388888888888889 0.20416666666666666 0.05555555555555555 0.04583333333333333
2 0.4965277777777778 0.20208333333333334 0.05416666666666667 0.05
2 0.36666666666666664 0.225 0.058333333333333334 0.075
2 0.32083333333333336 0.15520833333333334 0.041666666666666664 0.04375