3 0.44027777777777777 0.5177083333333333 0.11388888888888889 0.13125
2 0.37916666666666665 0.29583333333333334 0.07222222222222222 0.07916666666666666
3 0.23194444444444445 0.25729166666666664 0.05 0.06041666666666667
3 0.24027777777777778 0.175 0.03611111111111111 0.041666666666666664
3 0.16458333333333333 0.14479166666666668 0.02638888888888889 0.03125
3 0.12430555555555556 0.16666666666666666 0.02638888888888889 0.03333333333333333
3 0.11597222222222223 0.134375 0.02361111111111111 0.03125
2 0.14722222222222223 0.21458333333333332 0.03611111111111111 0.05416666666666667
2 0.20277777777777778 0.19479166666666667 0.030555555555555555 0.03958333333333333
2 0.19791666666666666 0.32708333333333334 0.06527777777777778 0.09166666666666666
2 0.9083333333333333 0.484375 0.1527777777777778 0.11875
2 0.7881944444444444 0.32708333333333334 0.1125 0.07083333333333333