4 0.5895833333333333 0.58125 0.11527777777777778 0.14583333333333334
2 0.7111111111111111 0.63125 0.08888888888888889 0.1125
2 0.5590277777777778 0.3697916666666667 0.05416666666666667 0.06875
3 0.5979166666666667 0.3385416666666667 0.04583333333333333 0.04791666666666667
3 0.4798611111111111 0.37604166666666666 0.0625 0.06041666666666667
2 0.5347222222222222 0.3260416666666667 0.06666666666666667 0.06041666666666667
2 0.6666666666666666 0.278125 0.041666666666666664 0.052083333333333336
2 0.7048611111111112 0.2375 0.03194444444444444 0.04583333333333333
3 0.78125 0.20416666666666666 0.029166666666666667 0.03333333333333333
3 0.7791666666666667 0.16145833333333334 0.022222222222222223 0.03125
3 0.7791666666666667 0.1375 0.019444444444444445 0.020833333333333332
3 0.7583333333333333 0.15625 0.019444444444444445 0.016666666666666666
2 0.7041666666666667 0.16979166666666667 0.025 0.03125
2 0.6722222222222223 0.22291666666666668 0.03611111111111111 0.041666666666666664
2 0.6381944444444444 0.21666666666666667 0.03194444444444444 0.03333333333333333
4 0.5729166666666666 0.2552083333333333 0.05416666666666667 0.04791666666666667
2 0.5194444444444445 0.28020833333333334 0.06111111111111111 0.05625
3 0.41458333333333336 0.3072916666666667 0.06805555555555555 0.03958333333333333
2 0.3277777777777778 0.32395833333333335 0.07777777777777778 0.052083333333333336