0 0.10416666666666667 0.4375 0.20555555555555555 0.2
3 0.3861111111111111 0.31875 0.08611111111111111 0.06666666666666667
3 0.48194444444444445 0.278125 0.05555555555555555 0.04791666666666667
3 0.6451388888888889 0.20208333333333334 0.04027777777777778 0.03333333333333333
3 0.5395833333333333 0.24895833333333334 0.05138888888888889 0.04791666666666667
3 0.59375 0.228125 0.043055555555555555 0.04375
3 0.6875 0.184375 0.027777777777777776 0.027083333333333334
3 0.85625 0.228125 0.02638888888888889 0.03125
2 0.8173611111111111 0.28020833333333334 0.04027777777777778 0.04375
2 0.2826388888888889 0.3625 0.08472222222222223 0.07083333333333333
3 0.7319444444444444 0.1625 0.022222222222222223 0.020833333333333332
3 0.6951388888888889 0.15416666666666667 0.02361111111111111 0.020833333333333332