2 0.4395833333333333 0.6447916666666667 0.15138888888888888 0.21458333333333332
2 0.6652777777777777 0.6833333333333333 0.16666666666666666 0.19166666666666668
2 0.5027777777777778 0.5270833333333333 0.11944444444444445 0.1375
2 0.38958333333333334 0.41458333333333336 0.09305555555555556 0.10833333333333334
2 0.36736111111111114 0.26875 0.0625 0.058333333333333334
2 0.32083333333333336 0.18541666666666667 0.03611111111111111 0.03333333333333333
3 0.24791666666666667 0.171875 0.04027777777777778 0.035416666666666666
3 0.675 0.928125 0.18611111111111112 0.14375
3 0.18055555555555555 0.09166666666666666 0.016666666666666666 0.016666666666666666
3 0.16319444444444445 0.07604166666666666 0.015277777777777777 0.01875
3 0.8173611111111111 0.25 0.06805555555555555 0.03333333333333333
3 0.75 0.221875 0.05555555555555555 0.03125
2 0.8875 0.23020833333333332 0.06666666666666667 0.04375
3 0.66875 0.196875 0.05694444444444444 0.027083333333333334
2 0.6354166666666666 0.17604166666666668 0.059722222222222225 0.035416666666666666
3 0.5729166666666666 0.15833333333333333 0.05416666666666667 0.025
2 0.5513888888888889 0.14895833333333333 0.05555555555555555 0.027083333333333334
2 0.84375 0.1875 0.04861111111111111 0.0375
2 0.7944444444444444 0.17395833333333333 0.05 0.03125
2 0.7715277777777778 0.16979166666666667 0.0375 0.027083333333333334
2 0.7513888888888889 0.16666666666666666 0.03333333333333333 0.025