0 0.8916666666666667 0.403125 0.21666666666666667 0.20208333333333334
4 0.5736111111111111 0.3458333333333333 0.125 0.1
4 0.48194444444444445 0.29583333333333334 0.10277777777777777 0.09166666666666666
3 0.47152777777777777 0.50625 0.11527777777777778 0.13333333333333333
3 0.3229166666666667 0.20625 0.05138888888888889 0.04583333333333333
3 0.27291666666666664 0.175 0.04583333333333333 0.041666666666666664
3 0.2388888888888889 0.16145833333333334 0.027777777777777776 0.03125
3 0.21666666666666667 0.14583333333333334 0.027777777777777776 0.029166666666666667
3 0.18958333333333333 0.13125 0.029166666666666667 0.029166666666666667
3 0.2298611111111111 0.125 0.034722222222222224 0.03333333333333333
3 0.29583333333333334 0.15416666666666667 0.03888888888888889 0.0375
3 0.2902777777777778 0.29270833333333335 0.07222222222222222 0.07708333333333334
3 0.3701388888888889 0.359375 0.10416666666666667 0.10625
2 0.6319444444444444 0.6583333333333333 0.19166666666666668 0.2375
2 0.8729166666666667 0.628125 0.21805555555555556 0.21875
2 0.5888888888888889 0.428125 0.1361111111111111 0.14375
2 0.7423611111111111 0.45 0.13472222222222222 0.14166666666666666
2 0.9256944444444445 0.5552083333333333 0.13472222222222222 0.18958333333333333
2 0.4409722222222222 0.32916666666666666 0.09583333333333334 0.1
2 0.4909722222222222 0.24791666666666667 0.07083333333333333 0.06666666666666667
2 0.38333333333333336 0.246875 0.06666666666666667 0.06041666666666667
2 0.4013888888888889 0.20104166666666667 0.05277777777777778 0.04791666666666667
2 0.23333333333333334 0.10104166666666667 0.027777777777777776 0.022916666666666665
2 0.38958333333333334 0.14166666666666666 0.04583333333333333 0.03333333333333333