2 0.07013888888888889 0.5958333333333333 0.1375 0.18333333333333332
2 0.23125 0.446875 0.14027777777777778 0.13541666666666666
3 0.37916666666666665 0.3614583333333333 0.09166666666666666 0.07708333333333334
2 0.3090277777777778 0.3260416666666667 0.09027777777777778 0.07708333333333334
3 0.44375 0.30416666666666664 0.07361111111111111 0.07083333333333333
3 0.4083333333333333 0.27291666666666664 0.075 0.06666666666666667
3 0.5305555555555556 0.2520833333333333 0.06111111111111111 0.05
3 0.6305555555555555 0.18958333333333333 0.03611111111111111 0.041666666666666664
2 0.5888888888888889 0.21145833333333333 0.05277777777777778 0.05625
3 0.7006944444444444 0.14791666666666667 0.034722222222222224 0.029166666666666667
3 0.6708333333333333 0.165625 0.041666666666666664 0.03958333333333333
4 0.4861111111111111 0.17291666666666666 0.18611111111111112 0.14583333333333334
4 0.55 0.19791666666666666 0.13055555555555556 0.09583333333333334