2 0.583203125 0.2743055555555556 0.06640625 0.08472222222222223
2 0.653515625 0.14305555555555555 0.03515625 0.044444444444444446
2 0.893359375 0.21805555555555556 0.04296875 0.06388888888888888
2 0.848828125 0.07083333333333333 0.02421875 0.030555555555555555
3 0.90234375 0.044444444444444446 0.0125 0.016666666666666666
2 0.897265625 0.034722222222222224 0.01796875 0.019444444444444445
2 0.087109375 0.3451388888888889 0.09453125 0.08194444444444444
2 0.2109375 0.2826388888888889 0.09375 0.06805555555555555
2 0.25390625 0.2569444444444444 0.075 0.06388888888888888
3 0.316796875 0.2361111111111111 0.07109375 0.05
2 0.34375 0.21875 0.06875 0.05138888888888889
3 0.38046875 0.2125 0.0609375 0.044444444444444446
2 0.3984375 0.19375 0.0703125 0.05138888888888889
2 0.422265625 0.1840277777777778 0.06171875 0.04583333333333333
2 0.451171875 0.1763888888888889 0.05234375 0.03888888888888889
3 0.45859375 0.1701388888888889 0.0578125 0.04027777777777778
2 0.053125 0.2534722222222222 0.0625 0.059722222222222225
2 0.166796875 0.20972222222222223 0.06171875 0.05555555555555555
3 0.025 0.22847222222222222 0.0484375 0.04583333333333333
2 0.08359375 0.20277777777777778 0.053125 0.04722222222222222
3 0.12421875 0.19236111111111112 0.053125 0.04027777777777778
3 0.156640625 0.1763888888888889 0.04765625 0.030555555555555555
2 0.177734375 0.16666666666666666 0.04921875 0.03888888888888889
2 0.20625 0.15902777777777777 0.0515625 0.029166666666666667
2 0.226171875 0.15347222222222223 0.04140625 0.029166666666666667
3 0.205859375 0.2013888888888889 0.05234375 0.04722222222222222
2 0.22109375 0.18611111111111112 0.05 0.041666666666666664
2 0.253125 0.17708333333333334 0.0453125 0.04861111111111111
2 0.276953125 0.1701388888888889 0.05546875 0.04583333333333333
2 0.3 0.15694444444444444 0.0734375 0.058333333333333334
2 0.320703125 0.15138888888888888 0.04609375 0.041666666666666664
3 0.35 0.14791666666666667 0.0453125 0.0375
3 0.365625 0.13402777777777777 0.04375 0.043055555555555555
3 0.423046875 0.10277777777777777 0.04140625 0.03888888888888889
2 0.226171875 0.11041666666666666 0.03828125 0.0375