3 0.24791666666666667 0.6739583333333333 0.20694444444444443 0.21875
2 0.4361111111111111 0.5270833333333333 0.14722222222222223 0.15416666666666667
2 0.5819444444444445 0.403125 0.11944444444444445 0.12291666666666666
2 0.6916666666666667 0.3260416666666667 0.07777777777777778 0.09375
2 0.12986111111111112 0.6447916666666667 0.17916666666666667 0.16875
3 0.3854166666666667 0.47604166666666664 0.13472222222222222 0.10625
3 0.5194444444444445 0.3854166666666667 0.10555555555555556 0.0875
3 0.6159722222222223 0.309375 0.0875 0.06875
3 0.6895833333333333 0.26145833333333335 0.06805555555555555 0.05625
3 0.74375 0.228125 0.05416666666666667 0.06041666666666667
3 0.7784722222222222 0.26666666666666666 0.0625 0.0625