3 0.11875 0.39479166666666665 0.1625 0.09791666666666667
2 0.28541666666666665 0.24791666666666667 0.05694444444444444 0.075
2 0.3590277777777778 0.234375 0.06527777777777778 0.07291666666666667
3 0.41388888888888886 0.22083333333333333 0.058333333333333334 0.06666666666666667
3 0.31666666666666665 0.20625 0.041666666666666664 0.05
3 0.11041666666666666 0.25729166666666664 0.0763888888888889 0.06041666666666667
3 0.25416666666666665 0.20625 0.05277777777777778 0.05
3 0.2298611111111111 0.18020833333333333 0.034722222222222224 0.04791666666666667
3 0.21805555555555556 0.16041666666666668 0.03333333333333333 0.0375
3 0.20694444444444443 0.13541666666666666 0.03611111111111111 0.0375
3 0.28541666666666665 0.16770833333333332 0.04861111111111111 0.04791666666666667