0 0.131640625 0.08333333333333333 0.04609375 0.05555555555555555
4 0.34921875 0.09583333333333334 0.040625 0.044444444444444446
3 0.8484375 0.4548611111111111 0.153125 0.13194444444444445
3 0.462109375 0.38472222222222224 0.10390625 0.1111111111111111
4 0.300390625 0.1 0.03828125 0.03888888888888889
3 0.3359375 0.18958333333333333 0.0515625 0.05416666666666667
3 0.1703125 0.14305555555555555 0.0328125 0.044444444444444446
3 0.242578125 0.08194444444444444 0.02265625 0.027777777777777776
3 0.164453125 0.052083333333333336 0.01484375 0.018055555555555554
3 0.103125 0.0798611111111111 0.0203125 0.02638888888888889
3 0.11953125 0.04722222222222222 0.0125 0.013888888888888888
2 0.091015625 0.04236111111111111 0.01171875 0.015277777777777777
2 0.199609375 0.05763888888888889 0.02109375 0.02361111111111111
2 0.3921875 0.2152777777777778 0.065625 0.08055555555555556
2 0.4515625 0.12916666666666668 0.04375 0.044444444444444446
2 0.526171875 0.2798611111111111 0.08046875 0.0875
2 0.655859375 0.35 0.12421875 0.12777777777777777
2 0.68671875 0.21666666666666667 0.065625 0.06111111111111111
2 0.868359375 0.3277777777777778 0.13046875 0.10555555555555556