4 0.17109375 0.28680555555555554 0.1078125 0.1125
4 0.317578125 0.2326388888888889 0.09140625 0.0625
3 0.39609375 0.20416666666666666 0.0625 0.05
2 0.2734375 0.17083333333333334 0.05625 0.05
2 0.319921875 0.15208333333333332 0.05859375 0.05138888888888889
2 0.346875 0.14375 0.0484375 0.04583333333333333
3 0.481640625 0.28888888888888886 0.07421875 0.075
4 0.236328125 0.5631944444444444 0.18671875 0.1986111111111111
2 0.786328125 0.3055555555555556 0.06015625 0.08611111111111111
3 0.89921875 0.1986111111111111 0.034375 0.04722222222222222
3 0.9328125 0.07708333333333334 0.01875 0.02361111111111111
3 0.8703125 0.06180555555555556 0.0171875 0.020833333333333332
2 0.859375 0.04791666666666667 0.015625 0.018055555555555554
2 0.87578125 0.041666666666666664 0.0140625 0.019444444444444445
2 0.88671875 0.03680555555555556 0.0125 0.018055555555555554
2 0.90625 0.04027777777777778 0.0140625 0.022222222222222223
2 0.95703125 0.04236111111111111 0.0140625 0.020833333333333332
3 0.939453125 0.021527777777777778 0.00859375 0.0125
2 0.924609375 0.017361111111111112 0.01328125 0.020833333333333332
3 0.940234375 0.00625 0.00703125 0.009722222222222222