3 0.6854166666666667 0.49375 0.14305555555555555 0.13333333333333333
3 0.6451388888888889 0.29375 0.08472222222222223 0.06666666666666667
3 0.3138888888888889 0.3072916666666667 0.07777777777777778 0.06875
3 0.21180555555555555 0.21041666666666667 0.04027777777777778 0.041666666666666664
3 0.2743055555555556 0.20208333333333334 0.043055555555555555 0.0375
4 0.08402777777777778 0.4 0.12916666666666668 0.10416666666666667
2 0.1798611111111111 0.3020833333333333 0.05416666666666667 0.08333333333333333
3 0.14722222222222223 0.21145833333333333 0.041666666666666664 0.04791666666666667
2 0.15833333333333333 0.15104166666666666 0.03611111111111111 0.04375
2 0.2013888888888889 0.14270833333333333 0.030555555555555555 0.035416666666666666
2 0.29305555555555557 0.121875 0.030555555555555555 0.03125
2 0.3680555555555556 0.153125 0.041666666666666664 0.03958333333333333