3 0.25763888888888886 0.634375 0.15694444444444444 0.14375
3 0.6493055555555556 0.36354166666666665 0.0625 0.05625
3 0.3013888888888889 0.36770833333333336 0.09722222222222222 0.07708333333333334
3 0.2701388888888889 0.340625 0.0875 0.06458333333333334
2 0.4597222222222222 0.27708333333333335 0.06666666666666667 0.0625
2 0.3138888888888889 0.2552083333333333 0.08888888888888889 0.05625
2 0.7506944444444444 0.27291666666666664 0.04583333333333333 0.0375
2 0.1736111111111111 0.42604166666666665 0.12777777777777777 0.11041666666666666
2 0.1486111111111111 0.38958333333333334 0.10833333333333334 0.0875
2 0.8583333333333333 0.13541666666666666 0.019444444444444445 0.020833333333333332
3 0.7555555555555555 0.13020833333333334 0.022222222222222223 0.01875