4 0.885546875 0.47430555555555554 0.20078125 0.1736111111111111
4 0.20390625 0.06458333333333334 0.0203125 0.029166666666666667
3 0.5015625 0.46458333333333335 0.128125 0.13472222222222222
3 0.6609375 0.36180555555555555 0.109375 0.09861111111111111
3 0.419140625 0.12430555555555556 0.04140625 0.0375
3 0.0453125 0.06111111111111111 0.0125 0.013888888888888888
3 0.12734375 0.04583333333333333 0.0109375 0.013888888888888888
2 0.176171875 0.05277777777777778 0.01328125 0.019444444444444445
2 0.1625 0.05 0.0140625 0.016666666666666666
2 0.08515625 0.07916666666666666 0.021875 0.03333333333333333
2 0.20703125 0.17430555555555555 0.0390625 0.05416666666666667
2 0.55546875 0.29583333333333334 0.0875 0.09444444444444444