3 0.6097222222222223 0.3729166666666667 0.07222222222222222 0.08333333333333333
3 0.8208333333333333 0.36041666666666666 0.058333333333333334 0.08333333333333333
3 0.8395833333333333 0.20208333333333334 0.034722222222222224 0.04583333333333333
3 0.30833333333333335 0.22395833333333334 0.06388888888888888 0.03958333333333333
3 0.21805555555555556 0.24375 0.08888888888888889 0.05
3 0.3861111111111111 0.4822916666666667 0.10833333333333334 0.11041666666666666
3 0.5055555555555555 0.478125 0.12777777777777777 0.13541666666666666
4 0.35833333333333334 0.634375 0.21388888888888888 0.27291666666666664
2 0.11597222222222223 0.8604166666666667 0.22361111111111112 0.2791666666666667
2 0.16458333333333333 0.63125 0.1875 0.19166666666666668
0 0.24861111111111112 0.43854166666666666 0.2833333333333333 0.26458333333333334
3 0.6868055555555556 0.190625 0.043055555555555555 0.035416666666666666