4 0.12265625 0.29930555555555555 0.1140625 0.11805555555555555
4 0.42578125 0.7666666666666667 0.20625 0.26666666666666666
3 0.755859375 0.5361111111111111 0.08515625 0.12222222222222222
3 0.851171875 0.30694444444444446 0.05390625 0.07222222222222222
2 0.8359375 0.19583333333333333 0.0375 0.058333333333333334
2 0.5203125 0.25833333333333336 0.065625 0.07777777777777778
2 0.89453125 0.029166666666666667 0.015625 0.019444444444444445
3 0.919921875 0.017361111111111112 0.01015625 0.0125
4 0.24453125 0.25625 0.1 0.07361111111111111
2 0.28203125 0.23680555555555555 0.065625 0.059722222222222225
2 0.3453125 0.21041666666666667 0.0859375 0.0625
2 0.397265625 0.19166666666666668 0.06640625 0.05277777777777778
4 0.448828125 0.17152777777777778 0.09609375 0.059722222222222225
3 0.6234375 0.09513888888888888 0.0671875 0.034722222222222224
3 0.423046875 0.09861111111111111 0.03515625 0.027777777777777776
2 0.325 0.08194444444444444 0.0359375 0.030555555555555555
2 0.130859375 0.21944444444444444 0.06171875 0.05555555555555555
2 0.170703125 0.20208333333333334 0.05703125 0.059722222222222225
2 0.1953125 0.19166666666666668 0.0484375 0.05277777777777778
4 0.228125 0.18125 0.0609375 0.05416666666666667
3 0.274609375 0.16527777777777777 0.06015625 0.041666666666666664
3 0.30390625 0.15486111111111112 0.0421875 0.0375
2 0.32109375 0.1451388888888889 0.0578125 0.043055555555555555
2 0.3484375 0.1361111111111111 0.05 0.041666666666666664
2 0.25546875 0.13333333333333333 0.05 0.03611111111111111
2 0.29921875 0.12569444444444444 0.0546875 0.043055555555555555
2 0.123046875 0.1840277777777778 0.06015625 0.05694444444444444
2 0.091796875 0.19166666666666668 0.05859375 0.05
2 0.059765625 0.20208333333333334 0.05703125 0.043055555555555555
3 0.055078125 0.2520833333333333 0.06484375 0.05694444444444444