3 0.6236111111111111 0.45416666666666666 0.05 0.04583333333333333
3 0.7243055555555555 0.47708333333333336 0.04583333333333333 0.04583333333333333
3 0.7055555555555556 0.5052083333333334 0.04722222222222222 0.052083333333333336
3 0.6729166666666667 0.546875 0.0625 0.07291666666666667
3 0.6326388888888889 0.5854166666666667 0.07083333333333333 0.07083333333333333
3 0.5618055555555556 0.6385416666666667 0.09027777777777778 0.08958333333333333
3 0.47152777777777777 0.7354166666666667 0.11527777777777778 0.12083333333333333
2 0.3277777777777778 0.8739583333333333 0.17222222222222222 0.20625
3 0.11944444444444445 0.7833333333333333 0.16111111111111112 0.14583333333333334
3 0.7597222222222222 0.440625 0.04722222222222222 0.052083333333333336
3 0.7868055555555555 0.41354166666666664 0.0375 0.04375