3 0.09166666666666666 0.7239583333333334 0.18055555555555555 0.17291666666666666
3 0.4270833333333333 0.240625 0.05694444444444444 0.052083333333333336
3 0.3854166666666667 0.21145833333333333 0.05138888888888889 0.03958333333333333
2 0.3090277777777778 0.23125 0.05138888888888889 0.058333333333333334
2 0.34097222222222223 0.18229166666666666 0.04583333333333333 0.04791666666666667
2 0.5659722222222222 0.24166666666666667 0.05416666666666667 0.06666666666666667
2 0.3090277777777778 0.13125 0.034722222222222224 0.03333333333333333
3 0.1875 0.18229166666666666 0.03333333333333333 0.035416666666666666
2 0.19305555555555556 0.134375 0.030555555555555555 0.035416666666666666
2 0.24583333333333332 0.10520833333333333 0.027777777777777776 0.03125
2 0.8652777777777778 0.23020833333333332 0.08888888888888889 0.05625