3 0.7083333333333334 0.8916666666666667 0.25 0.21666666666666667
3 0.7444444444444445 0.6760416666666667 0.225 0.24375
0 0.6625 0.446875 0.3194444444444444 0.3145833333333333
4 0.5055555555555555 0.4739583333333333 0.1638888888888889 0.16458333333333333
4 0.48194444444444445 0.6260416666666667 0.20555555555555555 0.24375
3 0.3715277777777778 0.36770833333333336 0.08472222222222223 0.08958333333333333
3 0.2861111111111111 0.2916666666666667 0.06666666666666667 0.075
3 0.22708333333333333 0.246875 0.05416666666666667 0.05625
3 0.20277777777777778 0.21770833333333334 0.041666666666666664 0.04375
3 0.16805555555555557 0.190625 0.041666666666666664 0.03958333333333333
4 0.7958333333333333 0.17291666666666666 0.08055555555555556 0.04583333333333333
4 0.5534722222222223 0.18854166666666666 0.06805555555555555 0.03958333333333333
3 0.15347222222222223 0.16979166666666667 0.03194444444444444 0.035416666666666666