3 0.5909722222222222 0.75 0.14305555555555555 0.15
3 0.7159722222222222 0.4479166666666667 0.05416666666666667 0.075
3 0.4986111111111111 0.48333333333333334 0.08333333333333333 0.09166666666666666
3 0.3298611111111111 0.5291666666666667 0.08194444444444444 0.1125
3 0.2861111111111111 0.45 0.06111111111111111 0.0875
3 0.49583333333333335 0.35520833333333335 0.06111111111111111 0.07708333333333334
3 0.44375 0.315625 0.043055555555555555 0.052083333333333336
3 0.5638888888888889 0.3458333333333333 0.06111111111111111 0.06666666666666667
3 0.5118055555555555 0.31875 0.04861111111111111 0.05
3 0.5659722222222222 0.29375 0.05138888888888889 0.041666666666666664
3 0.4173611111111111 0.28020833333333334 0.04027777777777778 0.05625
3 0.47638888888888886 0.29270833333333335 0.05 0.04791666666666667
3 0.5659722222222222 0.24791666666666667 0.043055555555555555 0.03333333333333333
3 0.39305555555555555 0.25833333333333336 0.041666666666666664 0.041666666666666664
3 0.3506944444444444 0.28541666666666665 0.04027777777777778 0.05
3 0.3236111111111111 0.34270833333333334 0.04722222222222222 0.07708333333333334
3 0.45625 0.21770833333333334 0.03194444444444444 0.03125