3 0.06736111111111111 0.7166666666666667 0.12916666666666668 0.15
2 0.21944444444444444 0.5125 0.12777777777777777 0.125
3 0.16805555555555557 0.471875 0.11944444444444445 0.09375
2 0.31875 0.384375 0.08472222222222223 0.07708333333333334
0 0.27847222222222223 0.33958333333333335 0.13472222222222222 0.125
2 0.6645833333333333 0.21875 0.04027777777777778 0.041666666666666664
2 0.8013888888888889 0.23541666666666666 0.030555555555555555 0.0375
3 0.9319444444444445 0.12708333333333333 0.016666666666666666 0.016666666666666666
3 0.8736111111111111 0.11770833333333333 0.016666666666666666 0.01875
3 0.8881944444444444 0.10104166666666667 0.0125 0.01875
3 0.8694444444444445 0.10104166666666667 0.011111111111111112 0.014583333333333334