3 0.40069444444444446 0.8989583333333333 0.16805555555555557 0.20208333333333334
3 0.6895833333333333 0.7572916666666667 0.15416666666666667 0.18125
2 0.5430555555555555 0.559375 0.12777777777777777 0.15625
3 0.4284722222222222 0.46458333333333335 0.09583333333333334 0.1
2 0.34444444444444444 0.3614583333333333 0.07222222222222222 0.08541666666666667
2 0.4263888888888889 0.31354166666666666 0.07777777777777778 0.07708333333333334
3 0.5826388888888889 0.43125 0.10138888888888889 0.075
2 0.9402777777777778 0.56875 0.10277777777777777 0.10416666666666667
3 0.24305555555555555 0.171875 0.030555555555555555 0.03125
3 0.8791666666666667 0.27395833333333336 0.1 0.06458333333333334
2 0.8125 0.2520833333333333 0.06666666666666667 0.05
2 0.7645833333333333 0.23020833333333332 0.07083333333333333 0.04375
3 0.7145833333333333 0.21979166666666666 0.05694444444444444 0.027083333333333334
3 0.6763888888888889 0.20416666666666666 0.06111111111111111 0.041666666666666664
2 0.7722222222222223 0.17395833333333333 0.06111111111111111 0.035416666666666666
3 0.8152777777777778 0.18333333333333332 0.05 0.029166666666666667
3 0.8305555555555556 0.19479166666666667 0.044444444444444446 0.03125
2 0.5506944444444445 0.15416666666666667 0.05416666666666667 0.03333333333333333
3 0.08611111111111111 0.19479166666666667 0.03333333333333333 0.03958333333333333
3 0.07708333333333334 0.12708333333333333 0.02638888888888889 0.025