4 0.169921875 0.28888888888888886 0.11015625 0.1111111111111111
2 0.273046875 0.1701388888888889 0.05703125 0.04583333333333333
2 0.323046875 0.15208333333333332 0.05859375 0.04861111111111111
2 0.34609375 0.1451388888888889 0.046875 0.043055555555555555
3 0.395703125 0.20347222222222222 0.06484375 0.043055555555555555
3 0.758203125 0.1111111111111111 0.02734375 0.03333333333333333
2 0.853125 0.17777777777777778 0.0328125 0.05
2 0.8953125 0.125 0.025 0.03888888888888889
3 0.926171875 0.08055555555555556 0.01640625 0.025
3 0.874609375 0.04861111111111111 0.01484375 0.016666666666666666
3 0.96875 0.06180555555555556 0.0125 0.018055555555555554
4 0.9515625 0.03888888888888889 0.0203125 0.03888888888888889
4 0.978515625 0.04236111111111111 0.01640625 0.02361111111111111
4 0.688671875 0.6368055555555555 0.24921875 0.5097222222222222