2 0.03125 0.4895833333333333 0.059722222222222225 0.07916666666666666
2 0.1076388888888889 0.6677083333333333 0.16805555555555557 0.16458333333333333
3 0.20347222222222222 0.746875 0.1736111111111111 0.17291666666666666
2 0.3611111111111111 0.5864583333333333 0.12777777777777777 0.14791666666666667
4 0.26458333333333334 0.5614583333333333 0.1625 0.14375
2 0.40625 0.44895833333333335 0.09861111111111111 0.09791666666666667
4 0.5180555555555556 0.45416666666666666 0.10555555555555556 0.10833333333333334
4 0.7194444444444444 0.815625 0.15555555555555556 0.2520833333333333
2 0.8979166666666667 0.35833333333333334 0.05694444444444444 0.07916666666666666
3 0.8597222222222223 0.1875 0.025 0.03333333333333333
3 0.9534722222222223 0.20520833333333333 0.02638888888888889 0.035416666666666666