3 0.7625 0.20729166666666668 0.05277777777777778 0.052083333333333336
3 0.6583333333333333 0.35 0.08888888888888889 0.09166666666666666
3 0.5930555555555556 0.31666666666666665 0.08611111111111111 0.075
2 0.45694444444444443 0.40208333333333335 0.1111111111111111 0.10833333333333334
2 0.12222222222222222 0.7760416666666666 0.24166666666666667 0.26875
2 0.175 0.9 0.24444444444444444 0.2
3 0.05486111111111111 0.7125 0.10694444444444444 0.14583333333333334
3 0.2902777777777778 0.5229166666666667 0.1638888888888889 0.1375
3 0.45208333333333334 0.5229166666666667 0.16527777777777777 0.15
3 0.6930555555555555 0.246875 0.06666666666666667 0.06458333333333334
3 0.8472222222222222 0.7114583333333333 0.09722222222222222 0.19791666666666666