2 0.12777777777777777 0.40520833333333334 0.1 0.11875
2 0.10902777777777778 0.228125 0.059722222222222225 0.06041666666666667
3 0.3597222222222222 0.2520833333333333 0.08333333333333333 0.05416666666666667
3 0.32013888888888886 0.234375 0.07083333333333333 0.04791666666666667
3 0.7805555555555556 0.184375 0.044444444444444446 0.04375
3 0.7395833333333334 0.21041666666666667 0.04583333333333333 0.05
3 0.6895833333333333 0.24375 0.06527777777777778 0.075
3 0.7347222222222223 0.2864583333333333 0.08333333333333333 0.08125
3 0.7972222222222223 0.234375 0.058333333333333334 0.06041666666666667
2 0.8583333333333333 0.55 0.09444444444444444 0.1375
2 0.6472222222222223 0.35104166666666664 0.10555555555555556 0.10625
2 0.5111111111111111 0.45729166666666665 0.1361111111111111 0.14791666666666667
2 0.3013888888888889 0.625 0.19166666666666668 0.19583333333333333
2 0.08472222222222223 0.8083333333333333 0.16666666666666666 0.21666666666666667
3 0.23125 0.5635416666666667 0.15694444444444444 0.15625
3 0.3888888888888889 0.453125 0.1388888888888889 0.11875
3 0.5319444444444444 0.35833333333333334 0.10277777777777777 0.0875
3 0.61875 0.3 0.07916666666666666 0.0875