4 0.88984375 0.6555555555555556 0.165625 0.175
2 0.6015625 0.3416666666666667 0.05 0.058333333333333334
2 0.50625 0.2847222222222222 0.040625 0.04722222222222222
2 0.42734375 0.22291666666666668 0.0296875 0.034722222222222224
3 0.396484375 0.24097222222222223 0.02734375 0.03194444444444444
2 0.35859375 0.19652777777777777 0.021875 0.03194444444444444
3 0.383984375 0.17847222222222223 0.01796875 0.02361111111111111
4 0.347265625 0.14444444444444443 0.03046875 0.05
3 0.323828125 0.16597222222222222 0.01640625 0.020833333333333332
2 0.31015625 0.14722222222222223 0.0171875 0.022222222222222223
2 0.28828125 0.12569444444444444 0.0125 0.018055555555555554
2 0.28046875 0.11597222222222223 0.0109375 0.018055555555555554
3 0.29609375 0.10069444444444445 0.009375 0.0125
2 0.609375 0.24513888888888888 0.05 0.04861111111111111
3 0.589453125 0.23958333333333334 0.03828125 0.034722222222222224
2 0.598046875 0.19027777777777777 0.03359375 0.030555555555555555