3 0.08333333333333333 0.6833333333333333 0.1638888888888889 0.1875
3 0.050694444444444445 0.5770833333333333 0.09861111111111111 0.13333333333333333
3 0.2111111111111111 0.440625 0.11388888888888889 0.10208333333333333
4 0.27847222222222223 0.484375 0.15694444444444444 0.14375
2 0.44583333333333336 0.35 0.08611111111111111 0.0875
2 0.3451388888888889 0.3416666666666667 0.09305555555555556 0.09166666666666666
2 0.5229166666666667 0.23229166666666667 0.059722222222222225 0.052083333333333336
2 0.6402777777777777 0.253125 0.05277777777777778 0.05625
3 0.59375 0.18854166666666666 0.04583333333333333 0.04791666666666667
4 0.6694444444444444 0.17916666666666667 0.03888888888888889 0.04583333333333333
2 0.6555555555555556 0.15520833333333334 0.03333333333333333 0.03958333333333333