2 0.09027777777777778 0.18958333333333333 0.03611111111111111 0.05416666666666667
3 0.13402777777777777 0.30416666666666664 0.04583333333333333 0.07083333333333333
3 0.17708333333333334 0.4197916666666667 0.07083333333333333 0.10208333333333333
2 0.46458333333333335 0.496875 0.10694444444444444 0.13125
2 0.5694444444444444 0.6104166666666667 0.12777777777777777 0.17083333333333334
2 0.7166666666666667 0.7854166666666667 0.2361111111111111 0.29583333333333334
3 0.8527777777777777 0.26666666666666666 0.07222222222222222 0.04583333333333333
3 0.8159722222222222 0.25104166666666666 0.06527777777777778 0.03958333333333333
2 0.7923611111111111 0.2375 0.07083333333333333 0.04583333333333333
2 0.7520833333333333 0.21875 0.0625 0.0375
3 0.7131944444444445 0.215625 0.05138888888888889 0.03125
3 0.6930555555555555 0.20833333333333334 0.044444444444444446 0.029166666666666667
2 0.675 0.19791666666666666 0.05277777777777778 0.0375
3 0.6472222222222223 0.18958333333333333 0.05 0.029166666666666667
2 0.6027777777777777 0.17083333333333334 0.05 0.0375
3 0.8666666666666667 0.20104166666666667 0.06111111111111111 0.03125
2 0.8180555555555555 0.18541666666666667 0.05555555555555555 0.03333333333333333
2 0.7819444444444444 0.17395833333333333 0.05 0.03125
3 0.7534722222222222 0.16875 0.03194444444444444 0.025
3 0.7298611111111111 0.16145833333333334 0.043055555555555555 0.022916666666666665
2 0.7631944444444444 0.11979166666666667 0.0375 0.022916666666666665
3 0.08402777777777778 0.10729166666666666 0.018055555555555554 0.01875
3 0.06180555555555556 0.07708333333333334 0.015277777777777777 0.016666666666666666
2 0.13472222222222222 0.08333333333333333 0.025 0.03333333333333333