4 0.7465277777777778 0.8083333333333333 0.2902777777777778 0.32083333333333336
4 0.9347222222222222 0.26145833333333335 0.08888888888888889 0.06458333333333334
3 0.7423611111111111 0.3229166666666667 0.10138888888888889 0.07083333333333333
3 0.6201388888888889 0.23125 0.07361111111111111 0.05
3 0.44027777777777777 0.19270833333333334 0.05277777777777778 0.03958333333333333
2 0.3159722222222222 0.32395833333333335 0.0763888888888889 0.08958333333333333
2 0.4625 0.32395833333333335 0.09722222222222222 0.09375
2 0.29791666666666666 0.21458333333333332 0.05694444444444444 0.0625
2 0.22291666666666668 0.225 0.043055555555555555 0.041666666666666664
3 0.22777777777777777 0.16979166666666667 0.03611111111111111 0.027083333333333334
2 0.1701388888888889 0.17083333333333334 0.0375 0.0375