3 0.6847222222222222 0.9114583333333334 0.15833333333333333 0.17708333333333334
3 0.6944444444444444 0.7114583333333333 0.1388888888888889 0.18125
4 0.7680555555555556 0.41458333333333336 0.10555555555555556 0.08333333333333333
4 0.7444444444444445 0.32708333333333334 0.08611111111111111 0.058333333333333334
3 0.5770833333333333 0.30104166666666665 0.04861111111111111 0.03958333333333333
3 0.5027777777777778 0.3697916666666667 0.06388888888888888 0.07291666666666667
3 0.5020833333333333 0.471875 0.0763888888888889 0.09375
3 0.4166666666666667 0.49895833333333334 0.07222222222222222 0.09791666666666667
3 0.15902777777777777 0.3729166666666667 0.05138888888888889 0.07916666666666666
3 0.175 0.3 0.03333333333333333 0.04583333333333333
3 0.3020833333333333 0.28229166666666666 0.034722222222222224 0.04791666666666667
3 0.33819444444444446 0.35625 0.04583333333333333 0.05416666666666667
3 0.41041666666666665 0.35520833333333335 0.04861111111111111 0.06041666666666667
3 0.35625 0.2760416666666667 0.043055555555555555 0.05625
3 0.3326388888888889 0.23958333333333334 0.02638888888888889 0.03333333333333333
3 0.4965277777777778 0.24166666666666667 0.04027777777777778 0.03333333333333333
3 0.5284722222222222 0.22708333333333333 0.04027777777777778 0.03333333333333333
3 0.9534722222222223 0.35208333333333336 0.07916666666666666 0.04583333333333333
3 0.48194444444444445 0.203125 0.027777777777777776 0.027083333333333334
3 0.6208333333333333 0.2875 0.04722222222222222 0.04583333333333333
3 0.44722222222222224 0.17604166666666668 0.025 0.027083333333333334
3 0.41388888888888886 0.18020833333333333 0.030555555555555555 0.027083333333333334