2 0.35694444444444445 0.8572916666666667 0.175 0.28541666666666665
2 0.6215277777777778 0.6885416666666667 0.15138888888888888 0.18958333333333333
3 0.49027777777777776 0.5322916666666667 0.1111111111111111 0.11458333333333333
2 0.4097222222222222 0.4270833333333333 0.08333333333333333 0.1
2 0.3368055555555556 0.35208333333333336 0.0763888888888889 0.0875
3 0.2847222222222222 0.29791666666666666 0.05277777777777778 0.0625
2 0.2548611111111111 0.2635416666666667 0.04583333333333333 0.052083333333333336
3 0.22569444444444445 0.22916666666666666 0.034722222222222224 0.03333333333333333
3 0.2048611111111111 0.20520833333333333 0.04027777777777778 0.03125
2 0.7930555555555555 0.24375 0.07222222222222222 0.05
2 0.7430555555555556 0.22708333333333333 0.05277777777777778 0.03333333333333333