3 0.058333333333333334 0.27708333333333335 0.1 0.0625
3 0.14583333333333334 0.23541666666666666 0.05277777777777778 0.058333333333333334
2 0.42291666666666666 0.2375 0.0625 0.075
2 0.37916666666666665 0.19895833333333332 0.05277777777777778 0.05625
3 0.34097222222222223 0.18125 0.0375 0.041666666666666664
3 0.32013888888888886 0.15520833333333334 0.043055555555555555 0.03958333333333333
3 0.36527777777777776 0.12083333333333333 0.041666666666666664 0.03333333333333333
3 0.2847222222222222 0.128125 0.030555555555555555 0.03125
3 0.2652777777777778 0.11875 0.022222222222222223 0.025
3 0.25555555555555554 0.10520833333333333 0.019444444444444445 0.022916666666666665
3 0.6555555555555556 0.10416666666666667 0.03611111111111111 0.025