3 0.7958333333333333 0.4354166666666667 0.08611111111111111 0.07916666666666666
3 0.7361111111111112 0.2864583333333333 0.07222222222222222 0.08125
3 0.66875 0.2635416666666667 0.06527777777777778 0.06458333333333334
3 0.5861111111111111 0.4114583333333333 0.1111111111111111 0.09375
3 0.4736111111111111 0.39479166666666665 0.10555555555555556 0.09375
3 0.33541666666666664 0.6083333333333333 0.2013888888888889 0.1875
3 0.5381944444444444 0.778125 0.19027777777777777 0.23541666666666666
3 0.10416666666666667 0.4166666666666667 0.07777777777777778 0.1
3 0.06458333333333334 0.24791666666666667 0.04583333333333333 0.05
3 0.13194444444444445 0.24583333333333332 0.058333333333333334 0.04583333333333333
3 0.3611111111111111 0.24895833333333334 0.07777777777777778 0.05625
3 0.30972222222222223 0.24375 0.075 0.04583333333333333
3 0.7958333333333333 0.18125 0.044444444444444446 0.04583333333333333