2 0.5541666666666667 0.44583333333333336 0.11666666666666667 0.11666666666666667
3 0.4152777777777778 0.4395833333333333 0.08888888888888889 0.09583333333333334
3 0.3375 0.5125 0.09444444444444444 0.14166666666666666
3 0.3173611111111111 0.32708333333333334 0.059722222222222225 0.06666666666666667
4 0.3819444444444444 0.3072916666666667 0.07777777777777778 0.08125
2 0.21736111111111112 0.303125 0.05694444444444444 0.08125
2 0.27152777777777776 0.278125 0.05138888888888889 0.06041666666666667
3 0.31527777777777777 0.253125 0.05 0.05625
2 0.2763888888888889 0.22395833333333334 0.03888888888888889 0.04375
2 0.23402777777777778 0.23645833333333333 0.034722222222222224 0.03958333333333333
2 0.24027777777777778 0.19375 0.03333333333333333 0.0375