4 0.906640625 0.7402777777777778 0.18671875 0.24722222222222223
4 0.946875 0.375 0.10625 0.10555555555555556
2 0.10078125 0.8076388888888889 0.2 0.2013888888888889
3 0.144921875 0.49375 0.14609375 0.10972222222222222
3 0.39296875 0.31875 0.0546875 0.06805555555555555
3 0.408203125 0.24861111111111112 0.04765625 0.05555555555555555
3 0.54609375 0.2826388888888889 0.05625 0.059722222222222225
3 0.632421875 0.3451388888888889 0.06171875 0.07361111111111111
2 0.5015625 0.30694444444444446 0.0796875 0.10277777777777777
2 0.458984375 0.3625 0.06953125 0.08611111111111111
2 0.468359375 0.23819444444444443 0.04765625 0.04861111111111111
2 0.395703125 0.18888888888888888 0.03671875 0.041666666666666664
3 0.330078125 0.14652777777777778 0.02890625 0.03194444444444444
4 0.341015625 0.23194444444444445 0.08828125 0.1361111111111111
4 0.239453125 0.12152777777777778 0.02109375 0.02638888888888889
4 0.25 0.10138888888888889 0.01875 0.022222222222222223