3 0.9534722222222223 0.2833333333333333 0.08472222222222223 0.07083333333333333
3 0.8444444444444444 0.27708333333333335 0.08888888888888889 0.0625
3 0.3645833333333333 0.265625 0.06527777777777778 0.06458333333333334
2 0.15625 0.2375 0.04583333333333333 0.0625
2 0.2743055555555556 0.27291666666666664 0.05694444444444444 0.06666666666666667
2 0.30972222222222223 0.22916666666666666 0.04722222222222222 0.05
4 0.2777777777777778 0.19270833333333334 0.05 0.06041666666666667
4 0.41041666666666665 0.16875 0.04583333333333333 0.03333333333333333
2 0.23819444444444443 0.24166666666666667 0.0375 0.05
2 0.4388888888888889 0.240625 0.07222222222222222 0.06875
2 0.6493055555555556 0.11979166666666667 0.04861111111111111 0.027083333333333334
2 0.23958333333333334 0.175 0.029166666666666667 0.03333333333333333