3 0.09930555555555555 0.396875 0.0875 0.08958333333333333
3 0.06041666666666667 0.24895833333333334 0.0625 0.052083333333333336
3 0.11319444444444444 0.228125 0.04027777777777778 0.05625
3 0.6951388888888889 0.25416666666666665 0.07083333333333333 0.05416666666666667
3 0.7493055555555556 0.21875 0.04583333333333333 0.04583333333333333
3 0.7840277777777778 0.1875 0.034722222222222224 0.041666666666666664
3 0.7979166666666667 0.23020833333333332 0.05138888888888889 0.06041666666666667
3 0.7569444444444444 0.271875 0.058333333333333334 0.06041666666666667
3 0.6534722222222222 0.3572916666666667 0.09027777777777778 0.07708333333333334
3 0.5340277777777778 0.45625 0.14305555555555555 0.13333333333333333
3 0.55 0.353125 0.10833333333333334 0.08541666666666667
2 0.41597222222222224 0.42916666666666664 0.1125 0.12083333333333333
3 0.31319444444444444 0.6375 0.20694444444444443 0.19166666666666668
2 0.1840277777777778 0.5760416666666667 0.1875 0.18541666666666667