2 0.50078125 0.1326388888888889 0.0140625 0.018055555555555554
2 0.50625 0.1701388888888889 0.0234375 0.02361111111111111
2 0.63046875 0.25277777777777777 0.03125 0.044444444444444446
3 0.502734375 0.3013888888888889 0.03515625 0.041666666666666664
3 0.470703125 0.3472222222222222 0.04765625 0.06388888888888888
2 0.414453125 0.33194444444444443 0.04921875 0.06944444444444445
2 0.388671875 0.42916666666666664 0.07421875 0.10277777777777777
3 0.318359375 0.53125 0.08203125 0.10972222222222222
2 0.84609375 0.19722222222222222 0.04375 0.030555555555555555
2 0.920703125 0.20208333333333334 0.03828125 0.02361111111111111
4 0.308203125 0.1736111111111111 0.03203125 0.030555555555555555