3 0.2076388888888889 0.23541666666666666 0.08194444444444444 0.075
3 0.275 0.2833333333333333 0.08611111111111111 0.0875
3 0.3423611111111111 0.3541666666666667 0.11527777777777778 0.1125
2 0.45 0.43854166666666666 0.14722222222222223 0.16458333333333333
3 0.6979166666666666 0.6583333333333333 0.20416666666666666 0.23333333333333334
2 0.9194444444444444 0.8885416666666667 0.14166666666666666 0.22291666666666668
2 0.7895833333333333 0.5291666666666667 0.20972222222222223 0.20416666666666666
3 0.8847222222222222 0.3645833333333333 0.17222222222222222 0.0875
3 0.6194444444444445 0.22395833333333334 0.10555555555555556 0.05625
3 0.59375 0.4125 0.15416666666666667 0.12916666666666668
3 0.5909722222222222 0.33541666666666664 0.12361111111111112 0.10833333333333334
3 0.43680555555555556 0.3177083333333333 0.10972222222222222 0.10625
3 0.47847222222222224 0.26979166666666665 0.12083333333333333 0.10208333333333333
3 0.31875 0.225 0.10416666666666667 0.09583333333333334
3 0.24305555555555555 0.18125 0.06944444444444445 0.075
4 0.3701388888888889 0.16145833333333334 0.15416666666666667 0.13541666666666666
4 0.1763888888888889 0.140625 0.06666666666666667 0.07708333333333334
3 0.2048611111111111 0.11979166666666667 0.05138888888888889 0.04791666666666667
3 0.25416666666666665 0.10520833333333333 0.05277777777777778 0.04375