3 0.10416666666666667 0.6822916666666666 0.2 0.16875
2 0.05486111111111111 0.4125 0.09583333333333334 0.0875
3 0.1875 0.39895833333333336 0.10277777777777777 0.07708333333333334
3 0.2534722222222222 0.4041666666666667 0.10138888888888889 0.09583333333333334
3 0.31666666666666665 0.3260416666666667 0.09166666666666666 0.08125
3 0.39444444444444443 0.3385416666666667 0.08888888888888889 0.08125
3 0.4888888888888889 0.2916666666666667 0.075 0.075
3 0.5541666666666667 0.25833333333333336 0.06388888888888888 0.05
3 0.5506944444444445 0.35104166666666664 0.08472222222222223 0.06875
4 0.6611111111111111 0.32083333333333336 0.14166666666666666 0.15
3 0.7465277777777778 0.1625 0.034722222222222224 0.03333333333333333
3 0.5805555555555556 0.209375 0.06111111111111111 0.04375
4 0.45694444444444443 0.25 0.1527777777777778 0.10416666666666667
3 0.6805555555555556 0.1875 0.05 0.0375