2 0.64375 0.26805555555555555 0.053125 0.05
2 0.598828125 0.19305555555555556 0.03359375 0.030555555555555555
3 0.4484375 0.28125 0.0359375 0.0375
4 0.450390625 0.3763888888888889 0.06171875 0.08611111111111111
3 0.282421875 0.3229166666666667 0.03359375 0.05138888888888889
2 0.31875 0.2798611111111111 0.0328125 0.05138888888888889
2 0.246875 0.22013888888888888 0.0203125 0.03194444444444444
2 0.33046875 0.14305555555555555 0.015625 0.019444444444444445
2 0.291796875 0.10902777777777778 0.01015625 0.015277777777777777
3 0.279296875 0.1 0.01015625 0.011111111111111112
2 0.2375 0.16458333333333333 0.0140625 0.02361111111111111
2 0.237109375 0.12013888888888889 0.01171875 0.020833333333333332