3 0.76015625 0.6319444444444444 0.1765625 0.19722222222222222
3 0.18046875 0.15347222222222223 0.0359375 0.04583333333333333
3 0.137109375 0.11944444444444445 0.02890625 0.03888888888888889
3 0.111328125 0.10208333333333333 0.02421875 0.02638888888888889
3 0.11640625 0.08263888888888889 0.025 0.029166666666666667
4 0.2203125 0.06180555555555556 0.04375 0.05138888888888889
4 0.2984375 0.0763888888888889 0.0375 0.05
4 0.38515625 0.30833333333333335 0.096875 0.10555555555555556
2 0.42890625 0.12430555555555556 0.0390625 0.0375
2 0.5 0.14166666666666666 0.0578125 0.05277777777777778
4 0.615625 0.1798611111111111 0.0796875 0.0625
4 0.834375 0.25625 0.134375 0.10138888888888889
4 0.1890625 0.05555555555555555 0.0171875 0.019444444444444445
3 0.073828125 0.07569444444444444 0.01796875 0.020833333333333332