3 0.6930555555555555 0.15208333333333332 0.03888888888888889 0.0375
4 0.6166666666666667 0.19375 0.058333333333333334 0.058333333333333334
3 0.5902777777777778 0.175 0.041666666666666664 0.04583333333333333
3 0.54375 0.24375 0.0625 0.05416666666666667
3 0.5625 0.3854166666666667 0.08333333333333333 0.075
3 0.5798611111111112 0.5270833333333333 0.12083333333333333 0.13333333333333333
3 0.36875 0.5885416666666666 0.1625 0.16041666666666668
3 0.2743055555555556 0.4322916666666667 0.12361111111111112 0.10208333333333333
3 0.39444444444444443 0.28020833333333334 0.08055555555555556 0.08125
3 0.49027777777777776 0.22708333333333333 0.07222222222222222 0.06666666666666667
4 0.13680555555555557 0.421875 0.2708333333333333 0.27291666666666664
3 0.6666666666666666 0.14479166666666668 0.03333333333333333 0.027083333333333334
3 0.8270833333333333 0.184375 0.0375 0.03958333333333333
3 0.7763888888888889 0.16666666666666666 0.041666666666666664 0.041666666666666664
3 0.15902777777777777 0.196875 0.029166666666666667 0.035416666666666666