2 0.18125 0.43645833333333334 0.12916666666666668 0.12708333333333333
3 0.2861111111111111 0.4708333333333333 0.10555555555555556 0.0875
3 0.39305555555555555 0.34270833333333334 0.07222222222222222 0.052083333333333336
2 0.4888888888888889 0.32708333333333334 0.06666666666666667 0.058333333333333334
2 0.4354166666666667 0.27395833333333336 0.05138888888888889 0.04791666666666667
3 0.5298611111111111 0.2635416666666667 0.05694444444444444 0.052083333333333336
2 0.5458333333333333 0.21979166666666666 0.04722222222222222 0.03958333333333333
3 0.6520833333333333 0.221875 0.04027777777777778 0.03958333333333333
2 0.6444444444444445 0.19375 0.041666666666666664 0.03333333333333333
3 0.7402777777777778 0.17604166666666668 0.030555555555555555 0.027083333333333334
3 0.7166666666666667 0.15625 0.03333333333333333 0.020833333333333332
3 0.6895833333333333 0.14791666666666667 0.02638888888888889 0.025
3 0.7548611111111111 0.13541666666666666 0.02361111111111111 0.020833333333333332
3 0.7916666666666666 0.128125 0.027777777777777776 0.014583333333333334
3 0.7229166666666667 0.13333333333333333 0.029166666666666667 0.016666666666666666