3 0.29097222222222224 0.246875 0.04583333333333333 0.04375
3 0.3229166666666667 0.2635416666666667 0.0375 0.03958333333333333
3 0.2902777777777778 0.34479166666666666 0.06666666666666667 0.06041666666666667
3 0.23055555555555557 0.3260416666666667 0.058333333333333334 0.05625
2 0.16666666666666666 0.325 0.058333333333333334 0.06666666666666667
3 0.10694444444444444 0.4635416666666667 0.09722222222222222 0.06875
3 0.1798611111111111 0.5916666666666667 0.13194444444444445 0.1
3 0.4798611111111111 0.6302083333333334 0.16805555555555557 0.11458333333333333
3 0.11666666666666667 0.8447916666666667 0.1527777777777778 0.17708333333333334
4 0.7013888888888888 0.8427083333333333 0.2861111111111111 0.21458333333333332
3 0.8763888888888889 0.4 0.11666666666666667 0.058333333333333334
3 0.8145833333333333 0.33229166666666665 0.08194444444444444 0.04375
3 0.7944444444444444 0.2760416666666667 0.07222222222222222 0.04375