3 0.575 0.375 0.08333333333333333 0.08333333333333333
3 0.5541666666666667 0.2864583333333333 0.075 0.07708333333333334
3 0.5597222222222222 0.221875 0.06111111111111111 0.06041666666666667
3 0.6284722222222222 0.22916666666666666 0.06527777777777778 0.06666666666666667
3 0.6576388888888889 0.17291666666666666 0.043055555555555555 0.03333333333333333
3 0.7347222222222223 0.30104166666666665 0.058333333333333334 0.06041666666666667
3 0.7777777777777778 0.16666666666666666 0.044444444444444446 0.041666666666666664
4 0.4326388888888889 0.2916666666666667 0.09861111111111111 0.10416666666666667
2 0.34444444444444444 0.44895833333333335 0.12222222222222222 0.13125
2 0.21041666666666667 0.46145833333333336 0.14027777777777778 0.13125
4 0.11805555555555555 0.6770833333333334 0.23333333333333334 0.25
0 0.22361111111111112 0.353125 0.23055555555555557 0.20625
4 0.7208333333333333 0.13541666666666666 0.044444444444444446 0.041666666666666664
3 0.6902777777777778 0.128125 0.03611111111111111 0.035416666666666666
3 0.8444444444444444 0.13020833333333334 0.025 0.022916666666666665
3 0.81875 0.11979166666666667 0.03194444444444444 0.03125
3 0.81875 0.18958333333333333 0.04861111111111111 0.05