3 0.4046875 0.7020833333333333 0.1109375 0.1125
3 0.427734375 0.5166666666666667 0.07265625 0.07777777777777778
3 0.65859375 0.4479166666666667 0.046875 0.05138888888888889
3 0.731640625 0.37777777777777777 0.03203125 0.03611111111111111
3 0.934765625 0.7236111111111111 0.13046875 0.09166666666666666
2 0.926171875 0.825 0.14765625 0.17777777777777778
2 0.587890625 0.5076388888888889 0.06015625 0.07916666666666666
2 0.2734375 0.45208333333333334 0.0859375 0.10972222222222222
2 0.783203125 0.32708333333333334 0.02109375 0.029166666666666667
2 0.66171875 0.3090277777777778 0.0234375 0.03194444444444444
4 0.775 0.23958333333333334 0.01875 0.029166666666666667
2 0.821484375 0.28888888888888886 0.01640625 0.016666666666666666
2 0.841796875 0.2638888888888889 0.01328125 0.019444444444444445