2 0.435546875 0.8041666666666667 0.20078125 0.26666666666666666
2 0.58515625 0.9 0.1765625 0.2
3 0.91171875 0.1875 0.0328125 0.04722222222222222
3 0.870703125 0.15833333333333333 0.03203125 0.041666666666666664
3 0.684375 0.12708333333333333 0.0359375 0.034722222222222224
2 0.90234375 0.03194444444444444 0.0125 0.019444444444444445
3 0.923046875 0.021527777777777778 0.01015625 0.015277777777777777
3 0.95625 0.04583333333333333 0.0140625 0.019444444444444445
3 0.970703125 0.059722222222222225 0.01484375 0.022222222222222223
3 0.596875 0.1076388888888889 0.0453125 0.029166666666666667
2 0.494140625 0.14583333333333334 0.05234375 0.03888888888888889
2 0.489453125 0.16041666666666668 0.05390625 0.0375
3 0.467578125 0.16666666666666666 0.04921875 0.03333333333333333
4 0.443359375 0.17291666666666666 0.08515625 0.05138888888888889
2 0.40078125 0.20069444444444445 0.053125 0.043055555555555555
2 0.35703125 0.2125 0.065625 0.05277777777777778
4 0.318359375 0.2298611111111111 0.09140625 0.0625
3 0.373046875 0.1375 0.04140625 0.03611111111111111
2 0.35078125 0.14027777777777778 0.04375 0.03888888888888889
2 0.3265625 0.14930555555555555 0.046875 0.043055555555555555
3 0.298046875 0.1625 0.05390625 0.03888888888888889
2 0.248046875 0.17708333333333334 0.06015625 0.04861111111111111
2 0.278515625 0.1326388888888889 0.05234375 0.043055555555555555
3 0.3046875 0.12569444444444444 0.040625 0.029166666666666667
3 0.226171875 0.14791666666666667 0.03671875 0.02361111111111111
3 0.207421875 0.1625 0.05390625 0.03333333333333333
2 0.155859375 0.1736111111111111 0.06015625 0.041666666666666664
3 0.1625 0.21319444444444444 0.065625 0.043055555555555555
3 0.123828125 0.18958333333333333 0.05234375 0.04583333333333333
2 0.091796875 0.19583333333333333 0.06171875 0.044444444444444446
2 0.065234375 0.20972222222222223 0.04453125 0.044444444444444446
2 0.0296875 0.22083333333333333 0.05625 0.04722222222222222
3 0.02890625 0.27291666666666664 0.05625 0.05416666666666667
3 0.096875 0.2423611111111111 0.06875 0.05138888888888889
4 0.1703125 0.2861111111111111 0.109375 0.11388888888888889
3 0.080859375 0.15763888888888888 0.04921875 0.0375