3 0.84609375 0.8590277777777777 0.284375 0.28194444444444444
3 0.77109375 0.2902777777777778 0.096875 0.07777777777777778
3 0.174609375 0.058333333333333334 0.01796875 0.016666666666666666
3 0.208984375 0.07222222222222222 0.01953125 0.022222222222222223
3 0.26953125 0.08888888888888889 0.0265625 0.025
3 0.255078125 0.07291666666666667 0.02265625 0.02361111111111111
3 0.0546875 0.08611111111111111 0.0171875 0.025
3 0.03046875 0.06666666666666667 0.0125 0.016666666666666666
2 0.152734375 0.05555555555555555 0.01640625 0.022222222222222223
2 0.2828125 0.31875 0.06875 0.10694444444444444
2 0.32109375 0.10694444444444444 0.034375 0.03888888888888889
2 0.41171875 0.11666666666666667 0.0515625 0.05277777777777778
2 0.51484375 0.17222222222222222 0.0734375 0.08333333333333333