4 0.3645833333333333 0.27708333333333335 0.09305555555555556 0.12916666666666668
4 0.36041666666666666 0.19270833333333334 0.07083333333333333 0.08125
4 0.2722222222222222 0.13958333333333334 0.04722222222222222 0.0625
3 0.5138888888888888 0.6416666666666667 0.14722222222222223 0.1875
3 0.2902777777777778 0.3229166666666667 0.05555555555555555 0.0625
3 0.18888888888888888 0.29583333333333334 0.05 0.0625
3 0.2263888888888889 0.228125 0.04722222222222222 0.06041666666666667
3 0.19652777777777777 0.19166666666666668 0.034722222222222224 0.0375
3 0.17847222222222223 0.165625 0.029166666666666667 0.035416666666666666
3 0.16597222222222222 0.14375 0.029166666666666667 0.03333333333333333
2 0.24444444444444444 0.41875 0.07222222222222222 0.10833333333333334
2 0.16111111111111112 0.24166666666666667 0.041666666666666664 0.058333333333333334
2 0.14583333333333334 0.18854166666666666 0.030555555555555555 0.03958333333333333