4 0.3055555555555556 0.184375 0.05277777777777778 0.05625
4 0.5388888888888889 0.31666666666666665 0.11388888888888889 0.09166666666666666
4 0.8118055555555556 0.8427083333333333 0.3625 0.3145833333333333
3 0.19166666666666668 0.21458333333333332 0.03333333333333333 0.05
4 0.23472222222222222 0.23541666666666666 0.05277777777777778 0.0625
3 0.2743055555555556 0.2864583333333333 0.06805555555555555 0.06875
2 0.38055555555555554 0.37395833333333334 0.09166666666666666 0.10625
2 0.5 0.4708333333333333 0.12777777777777777 0.14166666666666666
3 0.6986111111111111 0.6416666666666667 0.2 0.1875
3 0.5347222222222222 0.6927083333333334 0.18611111111111112 0.21875
3 0.3541666666666667 0.5 0.12222222222222222 0.13333333333333333
3 0.60625 0.19895833333333332 0.06805555555555555 0.04791666666666667
3 0.6458333333333334 0.1875 0.058333333333333334 0.041666666666666664