2 0.2916666666666667 0.7166666666666667 0.20277777777777778 0.16666666666666666
3 0.8631944444444445 0.3697916666666667 0.07361111111111111 0.08125
3 0.8798611111111111 0.2635416666666667 0.06527777777777778 0.05625
3 0.8340277777777778 0.246875 0.07083333333333333 0.06041666666666667
3 0.9541666666666667 0.23541666666666666 0.06388888888888888 0.0625
0 0.8458333333333333 0.209375 0.1638888888888889 0.09791666666666667
3 0.49722222222222223 0.2677083333333333 0.044444444444444446 0.05625
3 0.43819444444444444 0.28541666666666665 0.043055555555555555 0.05416666666666667
3 0.37222222222222223 0.2916666666666667 0.044444444444444446 0.058333333333333334
3 0.4076388888888889 0.228125 0.034722222222222224 0.04791666666666667
3 0.4708333333333333 0.22916666666666666 0.03888888888888889 0.05416666666666667
3 0.44722222222222224 0.20625 0.03611111111111111 0.04583333333333333
3 0.4270833333333333 0.18333333333333332 0.029166666666666667 0.03333333333333333
3 0.34375 0.19375 0.029166666666666667 0.0375
3 0.3284722222222222 0.15520833333333334 0.020833333333333332 0.027083333333333334