3 0.71875 0.9326388888888889 0.23125 0.13472222222222222
4 0.28125 0.43472222222222223 0.1078125 0.12222222222222222
4 0.603515625 0.29930555555555555 0.04765625 0.07916666666666666
4 0.68671875 0.2743055555555556 0.0296875 0.04583333333333333
3 0.662109375 0.2951388888888889 0.02109375 0.02361111111111111
4 0.61796875 0.32916666666666666 0.0296875 0.030555555555555555
3 0.59453125 0.34652777777777777 0.028125 0.03194444444444444
3 0.56640625 0.41875 0.04375 0.04861111111111111
3 0.496484375 0.4652777777777778 0.05859375 0.05277777777777778
4 0.396875 0.5298611111111111 0.06875 0.10138888888888889
3 0.3703125 0.45416666666666666 0.0640625 0.058333333333333334
3 0.357421875 0.42569444444444443 0.04765625 0.05138888888888889
3 0.29375 0.49236111111111114 0.078125 0.06805555555555555
2 0.409375 0.4215277777777778 0.046875 0.059722222222222225
2 0.429296875 0.3909722222222222 0.04453125 0.05138888888888889
4 0.478515625 0.38958333333333334 0.05546875 0.06805555555555555
2 0.5296875 0.3715277777777778 0.04375 0.04861111111111111
2 0.566015625 0.3541666666666667 0.03203125 0.041666666666666664
2 0.637109375 0.30486111111111114 0.01953125 0.029166666666666667
3 0.701953125 0.2777777777777778 0.01015625 0.019444444444444445
3 0.71171875 0.27361111111111114 0.015625 0.019444444444444445
3 0.72109375 0.26875 0.0140625 0.018055555555555554
3 0.73125 0.2652777777777778 0.0140625 0.016666666666666666
3 0.741015625 0.2604166666666667 0.01328125 0.018055555555555554
2 0.765234375 0.25763888888888886 0.01484375 0.020833333333333332