4 0.9090277777777778 0.6760416666666667 0.18194444444444444 0.23541666666666666
3 0.7465277777777778 0.4375 0.15138888888888888 0.125
3 0.5180555555555556 0.30625 0.07777777777777778 0.08333333333333333
3 0.37083333333333335 0.38958333333333334 0.08611111111111111 0.10833333333333334
3 0.50625 0.234375 0.06527777777777778 0.05625
3 0.4131944444444444 0.22604166666666667 0.05138888888888889 0.06458333333333334
3 0.37777777777777777 0.19375 0.05277777777777778 0.05
3 0.2902777777777778 0.17708333333333334 0.044444444444444446 0.05416666666666667
2 0.3263888888888889 0.14791666666666667 0.041666666666666664 0.05416666666666667
3 0.17708333333333334 0.190625 0.04027777777777778 0.06041666666666667
3 0.09791666666666667 0.678125 0.19305555555555556 0.14791666666666667
2 0.08402777777777778 0.5520833333333334 0.1597222222222222 0.15
3 0.20902777777777778 0.15208333333333332 0.03194444444444444 0.03333333333333333
3 0.23402777777777778 0.12083333333333333 0.02638888888888889 0.029166666666666667
3 0.2902777777777778 0.125 0.03333333333333333 0.041666666666666664
3 0.7270833333333333 0.146875 0.034722222222222224 0.035416666666666666
3 0.6861111111111111 0.14791666666666667 0.027777777777777776 0.029166666666666667