4 0.7958333333333333 0.178125 0.08055555555555556 0.04375
4 0.6625 0.175 0.07222222222222222 0.05
3 0.55625 0.18645833333333334 0.06527777777777778 0.035416666666666666
2 0.75625 0.6927083333333334 0.2013888888888889 0.22708333333333333
2 0.5 0.45625 0.15 0.16666666666666666
3 0.3715277777777778 0.37395833333333334 0.09305555555555556 0.08958333333333333
3 0.29930555555555555 0.29791666666666666 0.06527777777777778 0.06666666666666667
3 0.24305555555555555 0.25833333333333336 0.05555555555555555 0.05416666666666667
2 0.2076388888888889 0.21354166666666666 0.04583333333333333 0.06041666666666667
3 0.1284722222222222 0.20520833333333333 0.043055555555555555 0.04791666666666667
0 0.3375 0.19375 0.11666666666666667 0.10416666666666667