2 0.85 0.5791666666666667 0.22777777777777777 0.2125
2 0.6569444444444444 0.315625 0.19722222222222222 0.18541666666666667
2 0.6534722222222222 0.5791666666666667 0.18472222222222223 0.21666666666666667
2 0.47291666666666665 0.42916666666666664 0.14583333333333334 0.15416666666666667
2 0.3236111111111111 0.23020833333333332 0.08611111111111111 0.08958333333333333
2 0.16527777777777777 0.20208333333333334 0.08611111111111111 0.09166666666666666
4 0.625 0.42604166666666665 0.18333333333333332 0.15625
3 0.41875 0.2833333333333333 0.10138888888888889 0.1
3 0.47847222222222224 0.2604166666666667 0.10694444444444444 0.0875
3 0.3326388888888889 0.325 0.10694444444444444 0.10833333333333334
3 0.21736111111111112 0.24895833333333334 0.08472222222222223 0.09375
3 0.24861111111111112 0.18125 0.06666666666666667 0.0625
3 0.2708333333333333 0.14791666666666667 0.06944444444444445 0.06666666666666667
3 0.4131944444444444 0.13645833333333332 0.07083333333333333 0.05625
3 0.052083333333333336 0.20208333333333334 0.08472222222222223 0.05416666666666667
3 0.18541666666666667 0.15208333333333332 0.05694444444444444 0.05416666666666667
3 0.09166666666666666 0.11041666666666666 0.04722222222222222 0.04583333333333333
4 0.1375 0.12708333333333333 0.05555555555555555 0.058333333333333334