3 0.8756944444444444 0.559375 0.1375 0.10625
3 0.9201388888888888 0.4875 0.11805555555555555 0.09166666666666666
3 0.6076388888888888 0.46770833333333334 0.08472222222222223 0.08125
3 0.6159722222222223 0.38958333333333334 0.07916666666666666 0.0625
3 0.5027777777777778 0.471875 0.08333333333333333 0.09791666666666667
3 0.41805555555555557 0.49375 0.07777777777777778 0.09583333333333334
3 0.31527777777777777 0.5322916666666667 0.075 0.09791666666666667
3 0.2826388888888889 0.45208333333333334 0.059722222222222225 0.08333333333333333
3 0.26319444444444445 0.3875 0.04861111111111111 0.06666666666666667
3 0.36944444444444446 0.4166666666666667 0.05555555555555555 0.07083333333333333
3 0.4486111111111111 0.38645833333333335 0.058333333333333334 0.07708333333333334
3 0.4076388888888889 0.3416666666666667 0.05138888888888889 0.058333333333333334
3 0.33611111111111114 0.35104166666666664 0.05 0.06458333333333334
3 0.25833333333333336 0.32916666666666666 0.041666666666666664 0.0625
3 0.475 0.27708333333333335 0.044444444444444446 0.05
3 0.43333333333333335 0.24166666666666667 0.030555555555555555 0.0375
3 0.40902777777777777 0.2677083333333333 0.034722222222222224 0.04375
3 0.4618055555555556 0.3177083333333333 0.059722222222222225 0.06458333333333334