4 0.4409722222222222 0.33958333333333335 0.09305555555555556 0.075
4 0.46805555555555556 0.31875 0.15 0.1125
3 0.06111111111111111 0.5625 0.11944444444444445 0.125
3 0.7854166666666667 0.15729166666666666 0.020833333333333332 0.022916666666666665
3 0.88125 0.20416666666666666 0.02361111111111111 0.029166666666666667
2 0.8395833333333333 0.32083333333333336 0.05416666666666667 0.07083333333333333
3 0.9201388888888888 0.221875 0.02361111111111111 0.027083333333333334
2 0.94375 0.15520833333333334 0.020833333333333332 0.027083333333333334
2 0.7430555555555556 0.17916666666666667 0.027777777777777776 0.029166666666666667
2 0.6020833333333333 0.25104166666666666 0.05138888888888889 0.052083333333333336
2 0.22152777777777777 0.36041666666666666 0.08472222222222223 0.075