3 0.9152777777777777 0.21458333333333332 0.05555555555555555 0.041666666666666664
3 0.8513888888888889 0.36875 0.08333333333333333 0.06666666666666667
3 0.7798611111111111 0.3104166666666667 0.0875 0.0625
3 0.7548611111111111 0.2833333333333333 0.08194444444444444 0.05416666666666667
2 0.8652777777777778 0.5822916666666667 0.14166666666666666 0.12291666666666666
4 0.5111111111111111 0.915625 0.4222222222222222 0.16875
4 0.1638888888888889 0.8 0.325 0.25833333333333336
2 0.27847222222222223 0.48125 0.14305555555555555 0.12083333333333333
3 0.36875 0.4010416666666667 0.12361111111111112 0.07708333333333334
3 0.5090277777777777 0.275 0.05138888888888889 0.0625
3 0.4798611111111111 0.24479166666666666 0.04027777777777778 0.04791666666666667
3 0.46041666666666664 0.21666666666666667 0.0375 0.041666666666666664
3 0.4423611111111111 0.2916666666666667 0.05138888888888889 0.07083333333333333
3 0.41875 0.2552083333333333 0.034722222222222224 0.04791666666666667
3 0.3798611111111111 0.303125 0.05138888888888889 0.07708333333333334
3 0.36736111111111114 0.25416666666666665 0.0375 0.04583333333333333