2 0.27847222222222223 0.6864583333333333 0.20416666666666666 0.13958333333333334
2 0.9145833333333333 0.5979166666666667 0.15694444444444444 0.1125
2 0.1986111111111111 0.603125 0.175 0.11875
2 0.09166666666666666 0.459375 0.125 0.11875
3 0.25416666666666665 0.4395833333333333 0.1111111111111111 0.09583333333333334
2 0.36666666666666664 0.359375 0.11388888888888889 0.10625
3 0.2722222222222222 0.378125 0.09444444444444444 0.05625
3 0.30972222222222223 0.3260416666666667 0.08055555555555556 0.06041666666666667
3 0.4708333333333333 0.3333333333333333 0.06666666666666667 0.05416666666666667
3 0.5180555555555556 0.2947916666666667 0.05 0.052083333333333336
3 0.5784722222222223 0.275 0.04861111111111111 0.05
3 0.6180555555555556 0.25729166666666664 0.030555555555555555 0.04791666666666667
3 0.64375 0.24270833333333333 0.02638888888888889 0.035416666666666666
3 0.18333333333333332 0.290625 0.08055555555555556 0.04375
3 0.48194444444444445 0.17083333333333334 0.05277777777777778 0.029166666666666667
3 0.6729166666666667 0.225 0.03194444444444444 0.03333333333333333
3 0.7020833333333333 0.21354166666666666 0.03194444444444444 0.03125
3 0.7402777777777778 0.19479166666666667 0.027777777777777776 0.03125
3 0.24375 0.271875 0.06805555555555555 0.035416666666666666