3 0.9284722222222223 0.5822916666666667 0.14305555555555555 0.15625
3 0.7868055555555555 0.4041666666666667 0.13472222222222222 0.1
3 0.5534722222222223 0.42083333333333334 0.12083333333333333 0.10833333333333334
3 0.43472222222222223 0.32916666666666666 0.08055555555555556 0.07916666666666666
4 0.5361111111111111 0.32708333333333334 0.10555555555555556 0.0875
3 0.5145833333333333 0.265625 0.08194444444444444 0.06041666666666667
3 0.28680555555555554 0.228125 0.0625 0.05625
3 0.3451388888888889 0.275 0.07083333333333333 0.058333333333333334
3 0.37569444444444444 0.19583333333333333 0.04861111111111111 0.04583333333333333
3 0.20972222222222223 0.17395833333333333 0.044444444444444446 0.04375
3 0.24861111111111112 0.203125 0.041666666666666664 0.04791666666666667
3 0.33402777777777776 0.17291666666666666 0.04861111111111111 0.0375
3 0.25 0.134375 0.030555555555555555 0.03125
2 0.29375 0.14895833333333333 0.04027777777777778 0.04375
2 0.4486111111111111 0.221875 0.06944444444444445 0.06875
2 0.4340277777777778 0.26145833333333335 0.07361111111111111 0.06458333333333334
2 0.6888888888888889 0.4125 0.14444444444444443 0.12916666666666668
2 0.6229166666666667 0.30625 0.10972222222222222 0.09166666666666666
3 0.35 0.21979166666666666 0.07222222222222222 0.06041666666666667
2 0.8590277777777777 0.621875 0.22916666666666666 0.21875