4 0.8208333333333333 0.8822916666666667 0.3138888888888889 0.23541666666666666
1 0.7236111111111111 0.49583333333333335 0.07777777777777778 0.09166666666666666
3 0.6541666666666667 0.346875 0.06666666666666667 0.05625
3 0.5395833333333333 0.2625 0.05416666666666667 0.05416666666666667
3 0.47708333333333336 0.3458333333333333 0.06527777777777778 0.07083333333333333
3 0.2972222222222222 0.39166666666666666 0.06111111111111111 0.075
3 0.29791666666666666 0.325 0.04861111111111111 0.05
3 0.2861111111111111 0.2947916666666667 0.041666666666666664 0.03958333333333333
3 0.26666666666666666 0.2708333333333333 0.03611111111111111 0.041666666666666664
3 0.3472222222222222 0.2760416666666667 0.03888888888888889 0.04791666666666667
3 0.3736111111111111 0.31354166666666666 0.041666666666666664 0.04375
0 0.4097222222222222 0.253125 0.08888888888888889 0.11041666666666666
4 0.5291666666666667 0.121875 0.09444444444444444 0.052083333333333336
3 0.32708333333333334 0.26145833333333335 0.034722222222222224 0.04791666666666667
3 0.3138888888888889 0.23229166666666667 0.030555555555555555 0.03125
3 0.2972222222222222 0.21666666666666667 0.03333333333333333 0.0375
3 0.36180555555555555 0.22604166666666667 0.02361111111111111 0.03958333333333333
3 0.25833333333333336 0.24479166666666666 0.030555555555555555 0.035416666666666666