2 0.2234375 0.22083333333333333 0.04375 0.041666666666666664
2 0.34296875 0.13125 0.028125 0.018055555555555554
2 0.333984375 0.14583333333333334 0.02265625 0.022222222222222223
4 0.26328125 0.10208333333333333 0.0234375 0.020833333333333332
4 0.5015625 0.19930555555555557 0.0515625 0.034722222222222224
2 0.49140625 0.2569444444444444 0.0328125 0.05
4 0.3875 0.42430555555555555 0.109375 0.16527777777777777
3 0.233984375 0.46944444444444444 0.09609375 0.08611111111111111
2 0.325 0.7305555555555555 0.103125 0.23333333333333334
2 0.834375 0.24097222222222223 0.0453125 0.034722222222222224
3 0.89921875 0.24513888888888888 0.025 0.0375