4 0.6506944444444445 0.5979166666666667 0.22361111111111112 0.19583333333333333
3 0.29930555555555555 0.515625 0.1597222222222222 0.10625
2 0.12569444444444444 0.8322916666666667 0.24583333333333332 0.19375
4 0.9472222222222222 0.3145833333333333 0.06666666666666667 0.0625
2 0.9097222222222222 0.2520833333333333 0.06388888888888888 0.05
3 0.8388888888888889 0.25416666666666665 0.06944444444444445 0.05
3 0.8895833333333333 0.21875 0.05416666666666667 0.04583333333333333
4 0.7263888888888889 0.21041666666666667 0.19166666666666668 0.07083333333333333
3 0.4798611111111111 0.18645833333333334 0.034722222222222224 0.035416666666666666
3 0.41388888888888886 0.13125 0.022222222222222223 0.029166666666666667
3 0.4361111111111111 0.11875 0.019444444444444445 0.025
3 0.38958333333333334 0.109375 0.02361111111111111 0.022916666666666665