3 0.41041666666666665 0.5052083333333334 0.11527777777777778 0.08958333333333333
3 0.7868055555555555 0.8145833333333333 0.2513888888888889 0.14583333333333334
2 0.7951388888888888 0.6916666666666667 0.23472222222222222 0.1375
4 0.8006944444444445 0.5760416666666667 0.32916666666666666 0.18541666666666667
3 0.09722222222222222 0.6197916666666666 0.18333333333333332 0.12708333333333333
2 0.11388888888888889 0.5114583333333333 0.14444444444444443 0.12291666666666666
3 0.27152777777777776 0.440625 0.10972222222222222 0.08125
2 0.3819444444444444 0.36666666666666664 0.08333333333333333 0.07083333333333333
2 0.23541666666666666 0.39166666666666666 0.09583333333333334 0.08333333333333333
3 0.4791666666666667 0.37916666666666665 0.09166666666666666 0.075
4 0.4777777777777778 0.32395833333333335 0.07222222222222222 0.08125
3 0.5430555555555555 0.29375 0.06111111111111111 0.05
3 0.16944444444444445 0.29375 0.08055555555555556 0.0375