2 0.6965277777777777 0.653125 0.16527777777777777 0.13958333333333334
3 0.4222222222222222 0.8635416666666667 0.22777777777777777 0.18541666666666667
3 0.5118055555555555 0.48020833333333335 0.07916666666666666 0.09375
3 0.5652777777777778 0.3541666666666667 0.06111111111111111 0.0625
3 0.51875 0.31145833333333334 0.05138888888888889 0.052083333333333336
3 0.4847222222222222 0.27708333333333335 0.04722222222222222 0.05
3 0.43333333333333335 0.28958333333333336 0.04722222222222222 0.041666666666666664
3 0.4777777777777778 0.33958333333333335 0.058333333333333334 0.07083333333333333
3 0.43819444444444444 0.38645833333333335 0.059722222222222225 0.08541666666666667
3 0.36736111111111114 0.409375 0.05694444444444444 0.06458333333333334
3 0.41041666666666665 0.4864583333333333 0.07916666666666666 0.10625
3 0.3104166666666667 0.534375 0.07083333333333333 0.10625
3 0.2861111111111111 0.44375 0.058333333333333334 0.075
3 0.2604166666666667 0.371875 0.05138888888888889 0.07291666666666667
3 0.3416666666666667 0.36875 0.05 0.05416666666666667
3 0.32430555555555557 0.3260416666666667 0.043055555555555555 0.052083333333333336
3 0.29930555555555555 0.28541666666666665 0.034722222222222224 0.04583333333333333
3 0.04861111111111111 0.553125 0.09444444444444444 0.11041666666666666
3 0.3958333333333333 0.325 0.06111111111111111 0.0625
3 0.36736111111111114 0.2947916666666667 0.03194444444444444 0.04791666666666667
3 0.23402777777777778 0.25625 0.034722222222222224 0.0375
3 0.60625 0.24375 0.04861111111111111 0.03333333333333333
3 0.47152777777777777 0.19166666666666668 0.03194444444444444 0.029166666666666667
3 0.4534722222222222 0.246875 0.03194444444444444 0.04375
3 0.42986111111111114 0.234375 0.034722222222222224 0.03958333333333333
3 0.4013888888888889 0.20833333333333334 0.030555555555555555 0.029166666666666667
3 0.39444444444444443 0.25833333333333336 0.03888888888888889 0.03333333333333333