4 0.8215277777777777 0.703125 0.2152777777777778 0.21041666666666667
3 0.8395833333333333 0.45416666666666666 0.12083333333333333 0.0875
2 0.6006944444444444 0.5291666666666667 0.15694444444444444 0.16666666666666666
3 0.5708333333333333 0.315625 0.08055555555555556 0.06041666666666667
3 0.6090277777777777 0.2875 0.06805555555555555 0.0625
3 0.8201388888888889 0.25 0.07083333333333333 0.0375
2 0.8888888888888888 0.2864583333333333 0.07777777777777778 0.04791666666666667
3 0.4340277777777778 0.390625 0.09305555555555556 0.08541666666666667
3 0.30625 0.36875 0.0763888888888889 0.07916666666666666
3 0.34305555555555556 0.309375 0.06666666666666667 0.07291666666666667
3 0.28680555555555554 0.26875 0.05416666666666667 0.05416666666666667
3 0.25 0.48541666666666666 0.09166666666666666 0.125
3 0.33125 0.190625 0.04027777777777778 0.035416666666666666
3 0.36944444444444446 0.17708333333333334 0.03888888888888889 0.03333333333333333
3 0.24166666666666667 0.22604166666666667 0.044444444444444446 0.04791666666666667
3 0.19236111111111112 0.18541666666666667 0.034722222222222224 0.0375
3 0.11944444444444445 0.20416666666666666 0.027777777777777776 0.0375
4 0.10694444444444444 0.15208333333333332 0.019444444444444445 0.05
3 0.14791666666666667 0.14375 0.020833333333333332 0.029166666666666667
3 0.9055555555555556 0.19895833333333332 0.027777777777777776 0.03125