3 0.225 0.45625 0.08333333333333333 0.06666666666666667
2 0.41597222222222224 0.403125 0.07916666666666666 0.05625
2 0.45069444444444445 0.26458333333333334 0.04027777777777778 0.05
3 0.4361111111111111 0.359375 0.07777777777777778 0.04375
3 0.3819444444444444 0.2625 0.05 0.05
2 0.3902777777777778 0.23125 0.03333333333333333 0.0375
2 0.5631944444444444 0.209375 0.04583333333333333 0.035416666666666666
3 0.9541666666666667 0.428125 0.08333333333333333 0.06041666666666667
3 0.75 0.3625 0.08055555555555556 0.041666666666666664
3 0.8159722222222222 0.3177083333333333 0.059722222222222225 0.03958333333333333
2 0.7993055555555556 0.40520833333333334 0.09027777777777778 0.06458333333333334
4 0.6583333333333333 0.22916666666666666 0.058333333333333334 0.041666666666666664