3 0.351171875 0.7631944444444444 0.16484375 0.12638888888888888
3 0.462890625 0.5034722222222222 0.07265625 0.06805555555555555
3 0.3734375 0.4486111111111111 0.0640625 0.058333333333333334
4 0.292578125 0.48125 0.09296875 0.0875
3 0.4375 0.4173611111111111 0.0546875 0.05138888888888889
4 0.527734375 0.4479166666666667 0.06015625 0.06805555555555555
4 0.59765625 0.39166666666666666 0.0328125 0.044444444444444446
4 0.57734375 0.4173611111111111 0.0484375 0.05694444444444444
4 0.49921875 0.3854166666666667 0.0515625 0.05138888888888889
3 0.625390625 0.33125 0.02890625 0.029166666666666667
4 0.515234375 0.33958333333333335 0.08203125 0.07083333333333333
2 0.416015625 0.3861111111111111 0.06015625 0.08611111111111111
2 0.54296875 0.3659722222222222 0.0390625 0.04583333333333333
2 0.57578125 0.35208333333333336 0.03125 0.04027777777777778
2 0.31015625 0.6506944444444445 0.1421875 0.11805555555555555
2 0.653515625 0.2951388888888889 0.02421875 0.02638888888888889
3 0.80859375 0.2965277777777778 0.01875 0.02361111111111111