3 0.8125 0.334375 0.08333333333333333 0.04791666666666667
3 0.8743055555555556 0.39895833333333336 0.11527777777777778 0.05625
2 0.9423611111111111 0.46041666666666664 0.10694444444444444 0.07916666666666666
2 0.8451388888888889 0.79375 0.22083333333333333 0.16666666666666666
3 0.8125 0.9083333333333333 0.2638888888888889 0.18333333333333332
2 0.15902777777777777 0.7677083333333333 0.1736111111111111 0.18541666666666667
3 0.42083333333333334 0.5583333333333333 0.08611111111111111 0.1
3 0.43680555555555556 0.35625 0.05416666666666667 0.05
3 0.2965277777777778 0.3541666666666667 0.059722222222222225 0.0625
3 0.17569444444444443 0.36770833333333336 0.0625 0.06041666666666667
3 0.1625 0.3145833333333333 0.06666666666666667 0.05
3 0.3486111111111111 0.2947916666666667 0.05555555555555555 0.06041666666666667
3 0.39305555555555555 0.26875 0.03333333333333333 0.04583333333333333
3 0.46875 0.2864583333333333 0.0375 0.04791666666666667