3 0.6097222222222223 0.775 0.18055555555555555 0.29583333333333334
4 0.3104166666666667 0.475 0.15694444444444444 0.3875
3 0.4375 0.5166666666666667 0.08333333333333333 0.10416666666666667
4 0.48333333333333334 0.425 0.16111111111111112 0.2125
4 0.8194444444444444 0.36041666666666666 0.09722222222222222 0.08333333333333333
3 0.38263888888888886 0.31666666666666665 0.04583333333333333 0.0625
3 0.3375 0.25729166666666664 0.03333333333333333 0.03958333333333333
3 0.3159722222222222 0.21875 0.029166666666666667 0.0375
3 0.31180555555555556 0.3020833333333333 0.04027777777777778 0.05416666666666667
3 0.28055555555555556 0.2375 0.030555555555555555 0.03333333333333333
3 0.22777777777777777 0.24583333333333332 0.030555555555555555 0.03333333333333333
3 0.22430555555555556 0.21354166666666666 0.02361111111111111 0.03125
3 0.26319444444444445 0.20520833333333333 0.020833333333333332 0.027083333333333334
3 0.25625 0.18645833333333334 0.02361111111111111 0.035416666666666666