4 0.5125 0.30416666666666664 0.11944444444444445 0.09166666666666666
3 0.6034722222222222 0.25833333333333336 0.05138888888888889 0.05
3 0.7541666666666667 0.21145833333333333 0.03333333333333333 0.03125
3 0.7013888888888888 0.19583333333333333 0.03611111111111111 0.029166666666666667
3 0.6388888888888888 0.23125 0.03888888888888889 0.041666666666666664
3 0.6708333333333333 0.209375 0.03611111111111111 0.035416666666666666
3 0.4131944444444444 0.37916666666666665 0.09027777777777778 0.07916666666666666
2 0.3638888888888889 0.6197916666666666 0.15833333333333333 0.17708333333333334
2 0.27569444444444446 0.4510416666666667 0.13472222222222222 0.12708333333333333
2 0.09305555555555556 0.5625 0.18055555555555555 0.1625
2 0.04097222222222222 0.44166666666666665 0.07916666666666666 0.09583333333333334
3 0.21875 0.35520833333333335 0.09305555555555556 0.07291666666666667