2 0.08472222222222223 0.41770833333333335 0.08888888888888889 0.12291666666666666
2 0.5208333333333334 0.45208333333333334 0.1388888888888889 0.13333333333333333
2 0.5826388888888889 0.31666666666666665 0.09583333333333334 0.09166666666666666
0 0.8111111111111111 0.15104166666666666 0.08888888888888889 0.09375
3 0.7993055555555556 0.24166666666666667 0.05416666666666667 0.058333333333333334
3 0.8256944444444444 0.396875 0.0763888888888889 0.10208333333333333
3 0.7444444444444445 0.2791666666666667 0.06944444444444445 0.075
3 0.6694444444444444 0.34270833333333334 0.08611111111111111 0.07708333333333334
3 0.6486111111111111 0.28020833333333334 0.05555555555555555 0.07291666666666667
3 0.49236111111111114 0.38333333333333336 0.10972222222222222 0.09583333333333334
3 0.36736111111111114 0.59375 0.15694444444444444 0.15416666666666667
3 0.12291666666666666 0.7697916666666667 0.23472222222222222 0.24375
4 0.2722222222222222 0.540625 0.19444444444444445 0.16458333333333333
3 0.26666666666666666 0.23229166666666667 0.07777777777777778 0.052083333333333336
3 0.21388888888888888 0.21666666666666667 0.08055555555555556 0.05