4 0.45 0.6875 0.14444444444444443 0.22083333333333333
2 0.9180555555555555 0.925 0.15833333333333333 0.15
2 0.7715277777777778 0.7114583333333333 0.12916666666666668 0.13541666666666666
2 0.6263888888888889 0.5145833333333333 0.09444444444444444 0.1
2 0.5388888888888889 0.43020833333333336 0.06666666666666667 0.07291666666666667
2 0.4965277777777778 0.3489583333333333 0.05416666666666667 0.06041666666666667
3 0.45902777777777776 0.3072916666666667 0.043055555555555555 0.04375
2 0.41944444444444445 0.265625 0.03888888888888889 0.04375
2 0.39444444444444443 0.23020833333333332 0.03333333333333333 0.03125
2 0.3840277777777778 0.209375 0.029166666666666667 0.03125
2 0.3638888888888889 0.19166666666666668 0.025 0.029166666666666667
2 0.35694444444444445 0.17604166666666668 0.022222222222222223 0.027083333333333334
2 0.35208333333333336 0.16145833333333334 0.020833333333333332 0.022916666666666665
2 0.34097222222222223 0.14895833333333333 0.020833333333333332 0.022916666666666665
2 0.8 0.30104166666666665 0.075 0.06875