3 0.380078125 0.5166666666666667 0.12265625 0.13055555555555556
3 0.604296875 0.28680555555555554 0.06328125 0.06527777777777778
3 0.6609375 0.25277777777777777 0.0546875 0.05277777777777778
3 0.75625 0.20277777777777778 0.0328125 0.041666666666666664
2 0.82265625 0.19722222222222222 0.0296875 0.03611111111111111
2 0.826953125 0.15763888888888888 0.02578125 0.0375
2 0.803515625 0.17152777777777778 0.02734375 0.04583333333333333
2 0.779296875 0.18541666666666667 0.02890625 0.043055555555555555
2 0.720703125 0.21805555555555556 0.04453125 0.058333333333333334
2 0.5328125 0.32569444444444445 0.071875 0.08472222222222223
2 0.44375 0.37569444444444444 0.0921875 0.10694444444444444
2 0.209765625 0.6340277777777777 0.14921875 0.19027777777777777
2 0.248828125 0.47847222222222224 0.13359375 0.14583333333333334
3 0.05234375 0.6069444444444444 0.103125 0.16666666666666666
3 0.844921875 0.15069444444444444 0.01484375 0.029166666666666667
3 0.861328125 0.14166666666666666 0.02109375 0.030555555555555555
3 0.87109375 0.13333333333333333 0.015625 0.027777777777777776
4 0.901953125 0.10208333333333333 0.02421875 0.04027777777777778
3 0.930859375 0.10069444444444445 0.01640625 0.018055555555555554