3 0.8798611111111111 0.4510416666666667 0.14583333333333334 0.10208333333333333
3 0.5541666666666667 0.4083333333333333 0.11944444444444445 0.10833333333333334
3 0.24375 0.19791666666666666 0.04583333333333333 0.041666666666666664
3 0.3076388888888889 0.15833333333333333 0.04027777777777778 0.029166666666666667
3 0.27291666666666664 0.146875 0.029166666666666667 0.027083333333333334
3 0.24722222222222223 0.13125 0.027777777777777776 0.029166666666666667
3 0.2222222222222222 0.12395833333333334 0.025 0.03125
2 0.29930555555555555 0.11354166666666667 0.029166666666666667 0.022916666666666665
2 0.8708333333333333 0.6489583333333333 0.24166666666666667 0.22708333333333333
4 0.5680555555555555 0.27708333333333335 0.23333333333333334 0.1625
4 0.4013888888888889 0.184375 0.15 0.11875