3 0.6743055555555556 0.928125 0.2569444444444444 0.14375
3 0.3840277777777778 0.23541666666666666 0.034722222222222224 0.025
3 0.35833333333333334 0.18958333333333333 0.03888888888888889 0.025
3 0.24097222222222223 0.20208333333333334 0.04583333333333333 0.025
3 0.4576388888888889 0.20208333333333334 0.03194444444444444 0.029166666666666667
2 0.5895833333333333 0.27708333333333335 0.04027777777777778 0.041666666666666664
2 0.6944444444444444 0.18333333333333332 0.025 0.025
3 0.48333333333333334 0.1875 0.025 0.025
3 0.5194444444444445 0.17604166666666668 0.019444444444444445 0.022916666666666665
2 0.5465277777777777 0.16041666666666668 0.02361111111111111 0.025
4 0.3972222222222222 0.13125 0.041666666666666664 0.029166666666666667