2 0.09722222222222222 0.8145833333333333 0.18333333333333332 0.175
3 0.07222222222222222 0.7197916666666667 0.1361111111111111 0.13958333333333334
3 0.041666666666666664 0.65 0.075 0.09166666666666666
2 0.26944444444444443 0.65625 0.1388888888888889 0.15833333333333333
4 0.2611111111111111 0.5625 0.15555555555555556 0.1375
2 0.27708333333333335 0.3770833333333333 0.09583333333333334 0.08333333333333333
3 0.40694444444444444 0.396875 0.08333333333333333 0.07708333333333334
2 0.6298611111111111 0.46458333333333335 0.08472222222222223 0.0875
2 0.8951388888888889 0.36770833333333336 0.05416666666666667 0.06875
2 0.8347222222222223 0.23333333333333334 0.030555555555555555 0.0375
3 0.8902777777777777 0.23020833333333332 0.030555555555555555 0.035416666666666666
2 0.8541666666666666 0.209375 0.025 0.027083333333333334
2 0.8673611111111111 0.18645833333333334 0.02638888888888889 0.03125
3 0.9111111111111111 0.18229166666666666 0.022222222222222223 0.03125
3 0.8875 0.15729166666666666 0.022222222222222223 0.022916666666666665
3 0.8597222222222223 0.15520833333333334 0.025 0.027083333333333334
2 0.7847222222222222 0.14270833333333333 0.025 0.027083333333333334