4 0.2652777777777778 0.25625 0.075 0.0875
3 0.4131944444444444 0.22395833333333334 0.05694444444444444 0.04791666666666667
3 0.34444444444444444 0.253125 0.058333333333333334 0.05625
3 0.2513888888888889 0.18854166666666666 0.044444444444444446 0.03958333333333333
3 0.1840277777777778 0.2791666666666667 0.05416666666666667 0.058333333333333334
2 0.2152777777777778 0.165625 0.03611111111111111 0.03958333333333333
3 0.29791666666666666 0.21979166666666666 0.04027777777777778 0.04791666666666667
3 0.9236111111111112 0.246875 0.09444444444444444 0.06458333333333334
3 0.8743055555555556 0.6041666666666666 0.22083333333333333 0.14166666666666666
2 0.7659722222222223 0.3333333333333333 0.15416666666666667 0.1
2 0.22152777777777777 0.49895833333333334 0.1763888888888889 0.12291666666666666
2 0.4638888888888889 0.115625 0.05277777777777778 0.03958333333333333