3 0.9243055555555556 0.21458333333333332 0.05138888888888889 0.04583333333333333
3 0.8194444444444444 0.2520833333333333 0.06388888888888888 0.05
3 0.8229166666666666 0.225 0.07083333333333333 0.03333333333333333
3 0.6326388888888889 0.25833333333333336 0.05694444444444444 0.05416666666666667
3 0.5666666666666667 0.26875 0.05555555555555555 0.05416666666666667
3 0.5611111111111111 0.21041666666666667 0.04722222222222222 0.041666666666666664
3 0.41805555555555557 0.23125 0.044444444444444446 0.05416666666666667
3 0.3958333333333333 0.19270833333333334 0.03611111111111111 0.03958333333333333
3 0.33958333333333335 0.27395833333333336 0.05138888888888889 0.04791666666666667
3 0.3541666666666667 0.21770833333333334 0.03333333333333333 0.04375
3 0.4 0.3802083333333333 0.05555555555555555 0.08125
3 0.4777777777777778 0.35625 0.058333333333333334 0.07083333333333333
3 0.5506944444444445 0.48333333333333334 0.09305555555555556 0.12083333333333333
3 0.6645833333333333 0.7239583333333334 0.14305555555555555 0.20625
2 0.4597222222222222 0.5802083333333333 0.09444444444444444 0.15625
2 0.7270833333333333 0.40520833333333334 0.10138888888888889 0.09375
3 0.08819444444444445 0.20208333333333334 0.05694444444444444 0.029166666666666667
3 0.07152777777777777 0.225 0.059722222222222225 0.025
3 0.03333333333333333 0.2760416666666667 0.058333333333333334 0.03958333333333333
3 0.05625 0.2520833333333333 0.04861111111111111 0.0375