2 0.2048611111111111 0.703125 0.16805555555555557 0.17708333333333334
3 0.28541666666666665 0.55 0.11805555555555555 0.10416666666666667
3 0.09097222222222222 0.44895833333333335 0.1125 0.08125
2 0.34305555555555556 0.8135416666666667 0.17777777777777778 0.19375
3 0.4548611111111111 0.35104166666666664 0.06527777777777778 0.06041666666666667
3 0.58125 0.22916666666666666 0.04861111111111111 0.04583333333333333
3 0.6631944444444444 0.22395833333333334 0.0375 0.035416666666666666
2 0.5638888888888889 0.20625 0.03888888888888889 0.041666666666666664
3 0.8159722222222222 0.35833333333333334 0.05416666666666667 0.058333333333333334
3 0.8819444444444444 0.24375 0.03333333333333333 0.0375
4 0.7229166666666667 0.340625 0.1875 0.27291666666666664
3 0.66875 0.15833333333333333 0.029166666666666667 0.025
3 0.7548611111111111 0.16041666666666668 0.02638888888888889 0.020833333333333332
3 0.7506944444444444 0.13541666666666666 0.020833333333333332 0.020833333333333332
3 0.7145833333333333 0.134375 0.02361111111111111 0.022916666666666665
3 0.7951388888888888 0.125 0.020833333333333332 0.025
3 0.75625 0.10833333333333334 0.020833333333333332 0.020833333333333332
3 0.8256944444444444 0.1 0.015277777777777777 0.016666666666666666
3 0.8090277777777778 0.09166666666666666 0.015277777777777777 0.0125