4 0.562890625 0.5208333333333334 0.08515625 0.09444444444444444
4 0.819140625 0.2743055555555556 0.03203125 0.05694444444444444
2 0.79140625 0.30694444444444446 0.0171875 0.025
2 0.77109375 0.3368055555555556 0.0265625 0.034722222222222224
2 0.69765625 0.4041666666666667 0.0421875 0.05
2 0.725 0.29791666666666666 0.0203125 0.02361111111111111
2 0.692578125 0.32013888888888886 0.02421875 0.02638888888888889
2 0.63671875 0.35833333333333334 0.0375 0.05
2 0.453125 0.5020833333333333 0.0609375 0.0763888888888889
3 0.5078125 0.4597222222222222 0.0546875 0.06388888888888888
2 0.13359375 0.5256944444444445 0.10625 0.09583333333333334