3 0.18472222222222223 0.1875 0.030555555555555555 0.03333333333333333
2 0.20277777777777778 0.29270833333333335 0.05 0.06458333333333334
3 0.1701388888888889 0.396875 0.05694444444444444 0.07708333333333334
2 0.2972222222222222 0.3072916666666667 0.05277777777777778 0.06458333333333334
2 0.20694444444444443 0.5197916666666667 0.07222222222222222 0.13541666666666666
3 0.20208333333333334 0.6958333333333333 0.0875 0.175
3 0.6034722222222222 0.41354166666666664 0.10972222222222222 0.07708333333333334
3 0.11597222222222223 0.12395833333333334 0.02638888888888889 0.01875
3 0.14930555555555555 0.09479166666666666 0.015277777777777777 0.01875
3 0.07916666666666666 0.10104166666666667 0.019444444444444445 0.022916666666666665
3 0.8777777777777778 0.27291666666666664 0.06666666666666667 0.0375
3 0.8180555555555555 0.25 0.058333333333333334 0.03333333333333333
2 0.7666666666666667 0.22708333333333333 0.06111111111111111 0.0375
2 0.7451388888888889 0.215625 0.06805555555555555 0.03958333333333333
2 0.6805555555555556 0.19375 0.06388888888888888 0.0375
2 0.6159722222222223 0.17083333333333334 0.04861111111111111 0.03333333333333333
2 0.5868055555555556 0.159375 0.04861111111111111 0.035416666666666666
2 0.5673611111111111 0.14791666666666667 0.0375 0.029166666666666667