3 0.27847222222222223 0.4666666666666667 0.07361111111111111 0.0375
2 0.2534722222222222 0.58125 0.09861111111111111 0.075
3 0.2125 0.7447916666666666 0.13055555555555556 0.11458333333333333
3 0.37430555555555556 0.6333333333333333 0.09305555555555556 0.07916666666666666
2 0.3659722222222222 0.71875 0.12083333333333333 0.13333333333333333
3 0.45694444444444443 0.65 0.09444444444444444 0.09583333333333334
3 0.7548611111111111 0.7708333333333334 0.0875 0.10833333333333334
3 0.8284722222222223 0.5989583333333334 0.059722222222222225 0.08125
3 0.85 0.5145833333333333 0.04722222222222222 0.058333333333333334
3 0.7493055555555556 0.5510416666666667 0.059722222222222225 0.06458333333333334
3 0.5798611111111112 0.5427083333333333 0.06805555555555555 0.07291666666666667
3 0.5256944444444445 0.5208333333333334 0.059722222222222225 0.058333333333333334
3 0.5819444444444445 0.48854166666666665 0.058333333333333334 0.04791666666666667
3 0.6569444444444444 0.48541666666666666 0.058333333333333334 0.058333333333333334
2 0.64375 0.434375 0.05138888888888889 0.06458333333333334
3 0.6930555555555555 0.41041666666666665 0.03888888888888889 0.04583333333333333
3 0.8020833333333334 0.378125 0.02638888888888889 0.027083333333333334
3 0.85625 0.390625 0.029166666666666667 0.027083333333333334