4 0.8013888888888889 0.42604166666666665 0.15833333333333333 0.2520833333333333
4 0.4930555555555556 0.3104166666666667 0.11666666666666667 0.13333333333333333
3 0.37777777777777777 0.20520833333333333 0.04722222222222222 0.03125
2 0.5173611111111112 0.23333333333333334 0.043055555555555555 0.03333333333333333
2 0.6083333333333333 0.22083333333333333 0.041666666666666664 0.0375
2 0.5402777777777777 0.12291666666666666 0.03333333333333333 0.029166666666666667
3 0.43472222222222223 0.06875 0.030555555555555555 0.025
3 0.25972222222222224 0.08958333333333333 0.030555555555555555 0.020833333333333332
3 0.28958333333333336 0.06666666666666667 0.02638888888888889 0.020833333333333332
3 0.31319444444444444 0.06041666666666667 0.02638888888888889 0.025
3 0.6270833333333333 0.07604166666666666 0.018055555555555554 0.022916666666666665
2 0.22777777777777777 0.084375 0.03611111111111111 0.03125