3 0.6458333333333334 0.684375 0.2 0.16875
2 0.6944444444444444 0.36666666666666664 0.11388888888888889 0.07916666666666666
2 0.29930555555555555 0.5479166666666667 0.17083333333333334 0.1125
2 0.8701388888888889 0.25729166666666664 0.0763888888888889 0.06458333333333334
3 0.5416666666666666 0.2989583333333333 0.06944444444444445 0.08125
3 0.47638888888888886 0.2375 0.05277777777777778 0.05416666666666667
3 0.43125 0.26145833333333335 0.05138888888888889 0.06041666666666667
3 0.4125 0.22395833333333334 0.03333333333333333 0.04791666666666667
3 0.42569444444444443 0.175 0.0375 0.04583333333333333
0 0.31180555555555556 0.26875 0.10138888888888889 0.1375
3 0.0375 0.25104166666666666 0.06388888888888888 0.035416666666666666