4 0.691015625 0.38263888888888886 0.29765625 0.23194444444444445
2 0.82890625 0.38263888888888886 0.1484375 0.15694444444444444
3 0.390625 0.3159722222222222 0.0390625 0.06527777777777778
3 0.296484375 0.20555555555555555 0.03046875 0.044444444444444446
4 0.320703125 0.23333333333333334 0.04453125 0.06944444444444445
2 0.351953125 0.2659722222222222 0.04765625 0.06805555555555555
2 0.323828125 0.3902777777777778 0.05390625 0.10555555555555556
2 0.318359375 0.3215277777777778 0.05546875 0.07361111111111111
2 0.2828125 0.27847222222222223 0.0453125 0.0763888888888889
2 0.252734375 0.24166666666666667 0.03515625 0.06111111111111111
4 0.2671875 0.17222222222222222 0.034375 0.058333333333333334
3 0.204296875 0.13472222222222222 0.02109375 0.027777777777777776