2 0.6138888888888889 0.7385416666666667 0.19444444444444445 0.17708333333333334
2 0.55 0.5645833333333333 0.16111111111111112 0.13333333333333333
4 0.1284722222222222 0.8052083333333333 0.25416666666666665 0.22708333333333333
3 0.9465277777777777 0.31145833333333334 0.07361111111111111 0.06458333333333334
3 0.9763888888888889 0.18958333333333333 0.044444444444444446 0.05
4 0.8236111111111111 0.23333333333333334 0.10833333333333334 0.1
4 0.5826388888888889 0.21145833333333333 0.059722222222222225 0.03958333333333333
4 0.4888888888888889 0.23541666666666666 0.09166666666666666 0.125
3 0.4444444444444444 0.29375 0.044444444444444446 0.0625
3 0.3875 0.30625 0.05 0.075
3 0.36875 0.265625 0.0375 0.04791666666666667
4 0.3541666666666667 0.21145833333333333 0.05277777777777778 0.08541666666666667
3 0.4236111111111111 0.24479166666666666 0.044444444444444446 0.052083333333333336
3 0.40347222222222223 0.21458333333333332 0.0375 0.05
3 0.42916666666666664 0.18229166666666666 0.030555555555555555 0.03958333333333333
3 0.4111111111111111 0.16458333333333333 0.027777777777777776 0.029166666666666667
3 0.12152777777777778 0.17083333333333334 0.04027777777777778 0.020833333333333332
3 0.10277777777777777 0.196875 0.05 0.035416666666666666