4 0.7041666666666667 0.6052083333333333 0.20277777777777778 0.29791666666666666
3 0.9576388888888889 0.36041666666666666 0.07083333333333333 0.041666666666666664
2 0.5319444444444444 0.5041666666666667 0.08888888888888889 0.1125
3 0.43472222222222223 0.5 0.08333333333333333 0.1125
3 0.3784722222222222 0.43854166666666666 0.05694444444444444 0.08958333333333333
3 0.46458333333333335 0.42916666666666664 0.0625 0.06666666666666667
3 0.4215277777777778 0.37395833333333334 0.05694444444444444 0.07291666666666667
3 0.39305555555555555 0.3302083333333333 0.044444444444444446 0.052083333333333336
3 0.4888888888888889 0.35520833333333335 0.058333333333333334 0.06458333333333334
3 0.4548611111111111 0.3125 0.04583333333333333 0.05
3 0.41597222222222224 0.28125 0.04861111111111111 0.05416666666666667
3 0.3659722222222222 0.2864583333333333 0.0375 0.04791666666666667
4 0.30972222222222223 0.2760416666666667 0.08333333333333333 0.17708333333333334
3 0.49027777777777776 0.240625 0.03333333333333333 0.035416666666666666