3 0.6472222222222223 0.25833333333333336 0.1 0.05
3 0.9138888888888889 0.43645833333333334 0.1527777777777778 0.08125
4 0.9256944444444445 0.5854166666666667 0.14027777777777778 0.15
2 0.4354166666666667 0.709375 0.24583333333333332 0.17291666666666666
2 0.42291666666666666 0.40520833333333334 0.16527777777777777 0.09791666666666667
3 0.25 0.19479166666666667 0.03888888888888889 0.04791666666666667
3 0.2826388888888889 0.24791666666666667 0.05694444444444444 0.0625
3 0.3576388888888889 0.24895833333333334 0.05416666666666667 0.05625
3 0.4270833333333333 0.240625 0.05694444444444444 0.05625
3 0.3729166666666667 0.19270833333333334 0.04861111111111111 0.04791666666666667
3 0.33055555555555555 0.21458333333333332 0.044444444444444446 0.04583333333333333
3 0.34305555555555556 0.17395833333333333 0.03333333333333333 0.035416666666666666
3 0.9444444444444444 0.3302083333333333 0.10277777777777777 0.06458333333333334