3 0.4736111111111111 0.36770833333333336 0.10277777777777777 0.09375
3 0.5284722222222222 0.23229166666666667 0.0625 0.04791666666666667
3 0.39861111111111114 0.21041666666666667 0.05555555555555555 0.04583333333333333
3 0.33958333333333335 0.178125 0.043055555555555555 0.03958333333333333
3 0.3625 0.15625 0.041666666666666664 0.03333333333333333
2 0.8854166666666666 0.45 0.15694444444444444 0.14166666666666666
2 0.7270833333333333 0.36354166666666665 0.12083333333333333 0.11041666666666666
2 0.7208333333333333 0.3 0.10833333333333334 0.075
2 0.5930555555555556 0.29791666666666666 0.09444444444444444 0.0875
2 0.49166666666666664 0.24895833333333334 0.08333333333333333 0.07291666666666667
2 0.44583333333333336 0.17708333333333334 0.044444444444444446 0.041666666666666664
2 0.41180555555555554 0.15625 0.04027777777777778 0.03333333333333333
2 0.32708333333333334 0.140625 0.03194444444444444 0.027083333333333334
2 0.29305555555555557 0.12708333333333333 0.03611111111111111 0.029166666666666667
2 0.2826388888888889 0.10520833333333333 0.03194444444444444 0.027083333333333334
2 0.25416666666666665 0.11354166666666667 0.030555555555555555 0.027083333333333334
2 0.16111111111111112 0.13229166666666667 0.03611111111111111 0.035416666666666666
3 0.08888888888888889 0.10104166666666667 0.04722222222222222 0.022916666666666665
2 0.19930555555555557 0.090625 0.02361111111111111 0.022916666666666665
3 0.2263888888888889 0.10208333333333333 0.027777777777777776 0.025