4 0.7859375 0.3701388888888889 0.2140625 0.2513888888888889
4 0.876953125 0.8902777777777777 0.24609375 0.21944444444444444
4 0.058203125 0.07361111111111111 0.03828125 0.06944444444444445
4 0.217578125 0.18194444444444444 0.04921875 0.06111111111111111
3 0.425 0.2326388888888889 0.0671875 0.06805555555555555
3 0.3609375 0.20069444444444445 0.05625 0.059722222222222225
3 0.172265625 0.11319444444444444 0.02734375 0.029166666666666667
3 0.226171875 0.13402777777777777 0.03671875 0.043055555555555555
3 0.105859375 0.1125 0.02109375 0.027777777777777776
3 0.13125 0.049305555555555554 0.0125 0.0125
3 0.217578125 0.0625 0.02109375 0.019444444444444445
3 0.440625 0.15555555555555556 0.0453125 0.041666666666666664
3 0.605859375 0.2222222222222222 0.07421875 0.06111111111111111
4 0.33125 0.1125 0.0375 0.03888888888888889
2 0.49609375 0.2652777777777778 0.075 0.08333333333333333
2 0.375390625 0.10277777777777777 0.04453125 0.04722222222222222
2 0.298828125 0.17152777777777778 0.04453125 0.05416666666666667
2 0.262109375 0.15069444444444444 0.03828125 0.05138888888888889
2 0.283203125 0.08958333333333333 0.03671875 0.043055555555555555
2 0.238671875 0.08194444444444444 0.03203125 0.027777777777777776
2 0.14921875 0.05277777777777778 0.015625 0.019444444444444445
2 0.17578125 0.05277777777777778 0.015625 0.022222222222222223
2 0.201953125 0.052083333333333336 0.01484375 0.020833333333333332