3 0.27847222222222223 0.23333333333333334 0.08194444444444444 0.0625
3 0.2152777777777778 0.2125 0.075 0.04583333333333333
3 0.3416666666666667 0.48020833333333335 0.125 0.11458333333333333
2 0.3958333333333333 0.5395833333333333 0.1527777777777778 0.16666666666666666
2 0.5736111111111111 0.5197916666666667 0.14444444444444443 0.16875
3 0.5465277777777777 0.43125 0.11805555555555555 0.10416666666666667
3 0.5 0.38125 0.10833333333333334 0.09166666666666666
3 0.6722222222222223 0.33541666666666664 0.07777777777777778 0.07916666666666666
3 0.7305555555555555 0.3729166666666667 0.08888888888888889 0.1
3 0.7972222222222223 0.23645833333333333 0.058333333333333334 0.06041666666666667
2 0.6215277777777778 0.28958333333333336 0.08194444444444444 0.0875