3 0.8298611111111112 0.3489583333333333 0.10138888888888889 0.07291666666666667
3 0.5270833333333333 0.30833333333333335 0.03194444444444444 0.05
3 0.23680555555555555 0.321875 0.059722222222222225 0.06458333333333334
3 0.19027777777777777 0.3177083333333333 0.05 0.05625
3 0.13402777777777777 0.31979166666666664 0.06527777777777778 0.05625
3 0.1625 0.4875 0.1 0.09583333333333334
3 0.049305555555555554 0.5020833333333333 0.09027777777777778 0.08333333333333333
3 0.21944444444444444 0.6145833333333334 0.11666666666666667 0.10833333333333334
3 0.6319444444444444 0.709375 0.18055555555555555 0.13541666666666666
4 0.5298611111111111 0.8958333333333334 0.3402777777777778 0.20833333333333334
3 0.28958333333333336 0.2864583333333333 0.04861111111111111 0.04791666666666667