3 0.7 0.78125 0.165625 0.13472222222222222
3 0.37734375 0.8 0.171875 0.1388888888888889
3 0.3203125 0.4798611111111111 0.075 0.06527777777777778
3 0.28125 0.4652777777777778 0.0640625 0.06388888888888888
3 0.595703125 0.3993055555555556 0.03828125 0.04583333333333333
3 0.670703125 0.34305555555555556 0.02890625 0.03333333333333333
3 0.816796875 0.2916666666666667 0.01640625 0.022222222222222223
3 0.727734375 0.2777777777777778 0.01796875 0.019444444444444445
3 0.73359375 0.2652777777777778 0.0140625 0.016666666666666666
2 0.623046875 0.3715277777777778 0.03203125 0.043055555555555555
2 0.572265625 0.3527777777777778 0.03359375 0.03888888888888889
2 0.5546875 0.4173611111111111 0.0484375 0.07361111111111111
2 0.47890625 0.3729166666666667 0.046875 0.05138888888888889
2 0.43515625 0.42083333333333334 0.0515625 0.05555555555555555
2 0.50703125 0.4548611111111111 0.05625 0.07916666666666666
2 0.43984375 0.5076388888888889 0.071875 0.09027777777777778
2 0.16640625 0.6041666666666666 0.096875 0.09722222222222222
2 0.766796875 0.2569444444444444 0.01484375 0.019444444444444445