3 0.6222222222222222 0.8822916666666667 0.1361111111111111 0.22708333333333333
2 0.5604166666666667 0.5635416666666667 0.0763888888888889 0.13125
2 0.6381944444444444 0.36875 0.059722222222222225 0.07916666666666666
3 0.5305555555555556 0.3875 0.06666666666666667 0.05416666666666667
3 0.4576388888888889 0.38333333333333336 0.06805555555555555 0.05416666666666667
2 0.5131944444444444 0.34270833333333334 0.05138888888888889 0.052083333333333336
3 0.5895833333333333 0.3333333333333333 0.043055555555555555 0.05
2 0.5555555555555556 0.3072916666666667 0.03333333333333333 0.03958333333333333
2 0.6423611111111112 0.290625 0.043055555555555555 0.05625
3 0.6763888888888889 0.271875 0.027777777777777776 0.04375
3 0.6743055555555556 0.22604166666666667 0.034722222222222224 0.035416666666666666
3 0.7625 0.23541666666666666 0.027777777777777776 0.03333333333333333
2 0.7055555555555556 0.24479166666666666 0.030555555555555555 0.03958333333333333