3 0.25 0.5333333333333333 0.12222222222222222 0.10416666666666667
2 0.4666666666666667 0.5572916666666666 0.08611111111111111 0.11875
3 0.525 0.46979166666666666 0.08333333333333333 0.08125
2 0.1361111111111111 0.33541666666666664 0.08611111111111111 0.0375
3 0.7125 0.41041666666666665 0.04722222222222222 0.05416666666666667
3 0.7826388888888889 0.453125 0.05416666666666667 0.06041666666666667
2 0.6694444444444444 0.33229166666666665 0.05277777777777778 0.06041666666666667
3 0.6756944444444445 0.2635416666666667 0.04027777777777778 0.035416666666666666
3 0.7472222222222222 0.253125 0.03611111111111111 0.035416666666666666
3 0.84375 0.2875 0.03194444444444444 0.0375
3 0.8645833333333334 0.23125 0.0375 0.029166666666666667
3 0.7729166666666667 0.2125 0.03194444444444444 0.025
3 0.7659722222222223 0.18229166666666666 0.029166666666666667 0.022916666666666665
3 0.7479166666666667 0.16458333333333333 0.02638888888888889 0.020833333333333332
3 0.7701388888888889 0.14791666666666667 0.02361111111111111 0.020833333333333332
3 0.8020833333333334 0.14583333333333334 0.02638888888888889 0.025
3 0.7444444444444445 0.13958333333333334 0.025 0.020833333333333332
3 0.7840277777777778 0.11979166666666667 0.02638888888888889 0.022916666666666665
3 0.8277777777777777 0.11875 0.022222222222222223 0.016666666666666666
3 0.8201388888888889 0.10104166666666667 0.020833333333333332 0.01875
3 0.8381944444444445 0.08541666666666667 0.018055555555555554 0.020833333333333332
3 0.8666666666666667 0.08020833333333334 0.019444444444444445 0.01875
3 0.8965277777777778 0.16458333333333333 0.020833333333333332 0.016666666666666666
3 0.9069444444444444 0.1375 0.025 0.016666666666666666
3 0.9118055555555555 0.10833333333333334 0.018055555555555554 0.016666666666666666
3 0.8930555555555556 0.09895833333333333 0.016666666666666666 0.014583333333333334