4 0.36180555555555555 0.22604166666666667 0.09861111111111111 0.09375
3 0.24930555555555556 0.23020833333333332 0.0763888888888889 0.035416666666666666
3 0.3145833333333333 0.2 0.0625 0.03333333333333333
2 0.7076388888888889 0.2552083333333333 0.059722222222222225 0.08125
3 0.65625 0.31145833333333334 0.0625 0.07708333333333334
3 0.6069444444444444 0.384375 0.08055555555555556 0.08541666666666667
3 0.6680555555555555 0.43333333333333335 0.08888888888888889 0.09166666666666666
4 0.5111111111111111 0.46875 0.13333333333333333 0.14583333333333334
3 0.34930555555555554 0.6260416666666667 0.14583333333333334 0.15625
3 0.13125 0.8697916666666666 0.2375 0.2604166666666667
3 0.5048611111111111 0.91875 0.19305555555555556 0.1625
3 0.8631944444444445 0.24479166666666666 0.04583333333333333 0.04791666666666667