2 0.6215277777777778 0.79375 0.1736111111111111 0.24583333333333332
3 0.6388888888888888 0.4947916666666667 0.10833333333333334 0.10625
3 0.7986111111111112 0.25416666666666665 0.044444444444444446 0.04583333333333333
3 0.88125 0.2375 0.04027777777777778 0.04583333333333333
3 0.8027777777777778 0.153125 0.030555555555555555 0.03125
4 0.4548611111111111 0.31354166666666666 0.11805555555555555 0.07291666666666667
3 0.26805555555555555 0.359375 0.1111111111111111 0.06458333333333334
3 0.09513888888888888 0.884375 0.1875 0.23125
2 0.24444444444444444 0.23645833333333333 0.07777777777777778 0.04791666666666667
3 0.3277777777777778 0.21354166666666666 0.05555555555555555 0.035416666666666666
3 0.37222222222222223 0.19895833333333332 0.05277777777777778 0.035416666666666666
3 0.9118055555555555 0.15833333333333333 0.02361111111111111 0.03333333333333333