3 0.6625 0.18229166666666666 0.041666666666666664 0.03125
3 0.6145833333333334 0.20416666666666666 0.05416666666666667 0.041666666666666664
3 0.5708333333333333 0.23020833333333332 0.05277777777777778 0.052083333333333336
3 0.5131944444444444 0.2604166666666667 0.06805555555555555 0.05
3 0.5354166666666667 0.20416666666666666 0.05694444444444444 0.05
3 0.46111111111111114 0.24166666666666667 0.058333333333333334 0.05
4 0.41944444444444445 0.3 0.10555555555555556 0.10833333333333334
3 0.3597222222222222 0.2864583333333333 0.07777777777777778 0.07708333333333334
3 0.30972222222222223 0.3697916666666667 0.10555555555555556 0.08541666666666667
3 0.17222222222222222 0.44583333333333336 0.13055555555555556 0.09583333333333334
3 0.18194444444444444 0.371875 0.11944444444444445 0.09375
3 0.05138888888888889 0.45416666666666666 0.09444444444444444 0.11666666666666667