3 0.7402777777777778 0.246875 0.044444444444444446 0.06041666666666667
3 0.7048611111111112 0.28229166666666666 0.04027777777777778 0.06041666666666667
2 0.6569444444444444 0.2947916666666667 0.075 0.10208333333333333
3 0.6048611111111111 0.37083333333333335 0.07083333333333333 0.0875
3 0.5513888888888889 0.434375 0.09166666666666666 0.08125
2 0.44930555555555557 0.53125 0.13194444444444445 0.16666666666666666
2 0.2826388888888889 0.7114583333333333 0.19583333333333333 0.22708333333333333
4 0.5506944444444445 0.609375 0.24027777777777778 0.29791666666666666
3 0.7395833333333334 0.3385416666666667 0.059722222222222225 0.06041666666666667
3 0.7993055555555556 0.24895833333333334 0.043055555555555555 0.052083333333333336
3 0.8590277777777777 0.30104166666666665 0.04027777777777778 0.06041666666666667
3 0.3076388888888889 0.22604166666666667 0.07083333333333333 0.03958333333333333
3 0.37222222222222223 0.390625 0.09166666666666666 0.08958333333333333
3 0.7645833333333333 0.21770833333333334 0.034722222222222224 0.04791666666666667
3 0.7847222222222222 0.203125 0.030555555555555555 0.04791666666666667