4 0.30234375 0.2673611111111111 0.053125 0.10138888888888889
4 0.23515625 0.12777777777777777 0.0328125 0.06111111111111111
4 0.21015625 0.1111111111111111 0.028125 0.058333333333333334
3 0.25625 0.16458333333333333 0.021875 0.029166666666666667
3 0.27109375 0.18263888888888888 0.0265625 0.0375
3 0.344140625 0.2534722222222222 0.04609375 0.05694444444444444
3 0.165625 0.7826388888888889 0.2390625 0.1875
2 0.255859375 0.4361111111111111 0.09921875 0.1111111111111111
2 0.322265625 0.3486111111111111 0.05078125 0.09166666666666666
2 0.43828125 0.34444444444444444 0.065625 0.08611111111111111
2 0.4109375 0.3 0.053125 0.07777777777777778
3 0.50859375 0.3284722222222222 0.065625 0.07361111111111111
3 0.270703125 0.25972222222222224 0.02265625 0.05555555555555555
4 0.3078125 0.20694444444444443 0.0453125 0.06388888888888888