2 0.7138888888888889 0.7427083333333333 0.23333333333333334 0.18125
3 0.6916666666666667 0.6583333333333333 0.1638888888888889 0.11666666666666667
3 0.5201388888888889 0.5020833333333333 0.0875 0.10833333333333334
3 0.43819444444444444 0.5229166666666667 0.0875 0.1125
3 0.31527777777777777 0.5239583333333333 0.07222222222222222 0.11458333333333333
3 0.2798611111111111 0.421875 0.05138888888888889 0.07708333333333334
3 0.09097222222222222 0.8375 0.17916666666666667 0.12916666666666668
3 0.36041666666666666 0.28541666666666665 0.034722222222222224 0.04583333333333333
3 0.3861111111111111 0.32083333333333336 0.041666666666666664 0.04583333333333333
3 0.41805555555555557 0.3697916666666667 0.05277777777777778 0.06041666666666667
3 0.45902777777777776 0.421875 0.06527777777777778 0.07291666666666667
3 0.41805555555555557 0.28229166666666666 0.044444444444444446 0.03958333333333333
3 0.46111111111111114 0.315625 0.044444444444444446 0.052083333333333336
3 0.49027777777777776 0.35520833333333335 0.05555555555555555 0.06458333333333334
3 0.5666666666666667 0.35833333333333334 0.06111111111111111 0.06666666666666667
3 0.5076388888888889 0.3020833333333333 0.05416666666666667 0.058333333333333334
3 0.4736111111111111 0.2760416666666667 0.03888888888888889 0.035416666666666666
3 0.44027777777777777 0.24791666666666667 0.03888888888888889 0.041666666666666664
3 0.39652777777777776 0.2520833333333333 0.034722222222222224 0.0375
3 0.37222222222222223 0.22916666666666666 0.03611111111111111 0.0375
3 0.3368055555555556 0.2552083333333333 0.03194444444444444 0.035416666666666666
3 0.3576388888888889 0.215625 0.02638888888888889 0.03125