3 0.46328125 0.7402777777777778 0.16875 0.19722222222222222
3 0.75234375 0.5423611111111111 0.0921875 0.1375
3 0.877734375 0.27291666666666664 0.04296875 0.05694444444444444
2 0.808203125 0.24027777777777778 0.04765625 0.06666666666666667
3 0.928125 0.14930555555555555 0.0328125 0.0375
4 0.86875 0.1388888888888889 0.0359375 0.05
3 0.93671875 0.06388888888888888 0.015625 0.022222222222222223
4 0.128515625 0.3013888888888889 0.11953125 0.11666666666666667
2 0.2828125 0.24444444444444444 0.0859375 0.06666666666666667
2 0.34921875 0.21458333333333332 0.0859375 0.06527777777777778
3 0.392578125 0.19722222222222222 0.06328125 0.04722222222222222
3 0.422265625 0.18541666666666667 0.06484375 0.04583333333333333
3 0.44375 0.17083333333333334 0.0609375 0.03888888888888889
3 0.467578125 0.16458333333333333 0.05703125 0.04027777777777778
3 0.48828125 0.15208333333333332 0.0546875 0.0375
3 0.10078125 0.23333333333333334 0.071875 0.044444444444444446
4 0.1640625 0.20208333333333334 0.0734375 0.059722222222222225
3 0.21953125 0.18680555555555556 0.059375 0.043055555555555555
2 0.2546875 0.17222222222222222 0.05625 0.05
3 0.3046875 0.15694444444444444 0.05 0.041666666666666664
2 0.32109375 0.14583333333333334 0.0453125 0.041666666666666664
3 0.351953125 0.14097222222222222 0.04296875 0.04027777777777778
2 0.2875 0.12638888888888888 0.040625 0.03333333333333333
4 0.249609375 0.13472222222222222 0.05546875 0.030555555555555555
3 0.066796875 0.20902777777777778 0.05859375 0.043055555555555555
3 0.026171875 0.2222222222222222 0.05078125 0.044444444444444446