2 0.265625 0.4284722222222222 0.11875 0.13472222222222222
2 0.452734375 0.37222222222222223 0.11015625 0.12777777777777777
2 0.812109375 0.09444444444444444 0.02578125 0.03611111111111111
2 0.9203125 0.1673611111111111 0.0328125 0.04861111111111111
4 0.12890625 0.2965277777777778 0.11875 0.11527777777777778
2 0.282421875 0.24166666666666667 0.08671875 0.06944444444444445
2 0.34921875 0.21319444444444444 0.084375 0.06527777777777778
2 0.3953125 0.19166666666666668 0.0734375 0.05555555555555555
4 0.444921875 0.16805555555555557 0.07734375 0.058333333333333334
2 0.505859375 0.1423611111111111 0.06171875 0.04583333333333333
3 0.35234375 0.13819444444444445 0.0421875 0.0375
3 0.319140625 0.1451388888888889 0.05078125 0.04027777777777778
3 0.305078125 0.15625 0.05078125 0.04027777777777778
3 0.27890625 0.16458333333333333 0.0453125 0.043055555555555555
2 0.255859375 0.16875 0.04765625 0.05138888888888889
3 0.22734375 0.1840277777777778 0.04375 0.04583333333333333
2 0.19765625 0.1875 0.05 0.05
4 0.164453125 0.2 0.07578125 0.06111111111111111
3 0.1046875 0.2298611111111111 0.059375 0.043055555555555555
2 0.05703125 0.24444444444444444 0.0671875 0.058333333333333334
2 0.02421875 0.21736111111111112 0.046875 0.04861111111111111
2 0.083203125 0.19166666666666668 0.05859375 0.04722222222222222
2 0.21171875 0.14027777777777778 0.0578125 0.03611111111111111
2 0.25078125 0.1326388888888889 0.0515625 0.034722222222222224
3 0.30078125 0.12361111111111112 0.053125 0.027777777777777776
3 0.575 0.11666666666666667 0.0609375 0.044444444444444446
3 0.681640625 0.06527777777777778 0.03671875 0.025