3 0.14583333333333334 0.3125 0.09166666666666666 0.05416666666666667
3 0.24583333333333332 0.24583333333333332 0.09722222222222222 0.05416666666666667
3 0.5708333333333333 0.2520833333333333 0.07222222222222222 0.058333333333333334
3 0.6847222222222222 0.18229166666666666 0.05277777777777778 0.04375
4 0.5902777777777778 0.13333333333333333 0.10555555555555556 0.06666666666666667
4 0.6111111111111112 0.178125 0.04722222222222222 0.035416666666666666
2 0.5506944444444445 0.20416666666666666 0.06527777777777778 0.058333333333333334
2 0.47708333333333336 0.23229166666666667 0.0763888888888889 0.06875
3 0.8055555555555556 0.20208333333333334 0.05 0.041666666666666664
2 0.7263888888888889 0.15729166666666666 0.03888888888888889 0.03958333333333333
3 0.8048611111111111 0.15729166666666666 0.034722222222222224 0.027083333333333334
2 0.8256944444444444 0.1375 0.0375 0.029166666666666667
2 0.8722222222222222 0.125 0.03888888888888889 0.03333333333333333