2 0.23203125 0.47638888888888886 0.1015625 0.10833333333333334
2 0.366015625 0.4576388888888889 0.08046875 0.11805555555555555
3 0.426171875 0.39652777777777776 0.05234375 0.07083333333333333
3 0.465234375 0.3472222222222222 0.04921875 0.06388888888888888
2 0.57265625 0.3368055555555556 0.040625 0.05694444444444444
3 0.581640625 0.2125 0.03046875 0.027777777777777776
3 0.53203125 0.14166666666666666 0.0171875 0.016666666666666666
3 0.725 0.32222222222222224 0.0703125 0.05
2 0.826953125 0.25 0.05546875 0.058333333333333334
3 0.246875 0.23333333333333334 0.0421875 0.03333333333333333
3 0.336328125 0.15416666666666667 0.03359375 0.025
4 0.262109375 0.10416666666666667 0.02578125 0.019444444444444445