4 0.28125 0.4427083333333333 0.1486111111111111 0.13541666666666666
3 0.07847222222222222 0.5677083333333334 0.15416666666666667 0.13958333333333334
3 0.2263888888888889 0.359375 0.07777777777777778 0.05625
3 0.4 0.3125 0.08055555555555556 0.0625
3 0.6166666666666667 0.38958333333333334 0.075 0.07916666666666666
3 0.6 0.26145833333333335 0.05277777777777778 0.04791666666666667
2 0.5444444444444444 0.23958333333333334 0.05277777777777778 0.04583333333333333
2 0.5791666666666667 0.19375 0.041666666666666664 0.03333333333333333
2 0.6138888888888889 0.17916666666666667 0.03333333333333333 0.029166666666666667
2 0.6770833333333334 0.20416666666666666 0.04583333333333333 0.04583333333333333
4 0.7194444444444444 0.16666666666666666 0.058333333333333334 0.07916666666666666
3 0.6375 0.23333333333333334 0.03611111111111111 0.03333333333333333
3 0.5159722222222223 0.22291666666666668 0.04027777777777778 0.03333333333333333
2 0.4847222222222222 0.26458333333333334 0.06944444444444445 0.05416666666666667
2 0.44930555555555557 0.253125 0.05694444444444444 0.04791666666666667
3 0.42291666666666666 0.3697916666666667 0.09305555555555556 0.07708333333333334
2 0.49583333333333335 0.3177083333333333 0.06944444444444445 0.06458333333333334
2 0.5361111111111111 0.2875 0.044444444444444446 0.05
2 0.37222222222222223 0.284375 0.07777777777777778 0.06875
2 0.2902777777777778 0.36041666666666666 0.09444444444444444 0.07083333333333333
2 0.16180555555555556 0.428125 0.14305555555555555 0.12708333333333333
2 0.05486111111111111 0.43333333333333335 0.09861111111111111 0.10833333333333334
2 0.27152777777777776 0.7885416666666667 0.19305555555555556 0.22708333333333333