3 0.048046875 0.6395833333333333 0.09453125 0.14305555555555555
3 0.2171875 0.5270833333333333 0.1421875 0.13194444444444445
3 0.366796875 0.43472222222222223 0.10859375 0.1
2 0.50078125 0.34375 0.09375 0.10416666666666667
2 0.58046875 0.3020833333333333 0.0625 0.07083333333333333
2 0.64765625 0.2652777777777778 0.05625 0.06666666666666667
2 0.7296875 0.33055555555555555 0.0640625 0.07777777777777778
3 0.72421875 0.26319444444444445 0.0484375 0.05416666666666667
3 0.6984375 0.2423611111111111 0.0484375 0.04861111111111111
3 0.737109375 0.21180555555555555 0.03671875 0.043055555555555555
2 0.769921875 0.19305555555555556 0.03515625 0.04722222222222222
3 0.803515625 0.17847222222222223 0.03203125 0.0375
3 0.70859375 0.1986111111111111 0.0375 0.041666666666666664
2 0.8375 0.15694444444444444 0.0359375 0.03888888888888889