3 0.253515625 0.7284722222222222 0.16484375 0.14027777777777778
3 0.373046875 0.4583333333333333 0.07421875 0.08611111111111111
2 0.44140625 0.3763888888888889 0.0546875 0.06666666666666667
2 0.477734375 0.32430555555555557 0.04453125 0.06805555555555555
2 0.505078125 0.28958333333333336 0.03984375 0.0625
2 0.47578125 0.1986111111111111 0.040625 0.030555555555555555
2 0.527734375 0.13680555555555557 0.01796875 0.020833333333333332
3 0.2625 0.31875 0.06875 0.043055555555555555
4 0.3046875 0.17152777777777778 0.0265625 0.029166666666666667
2 0.831640625 0.24097222222222223 0.04609375 0.04027777777777778
3 0.835546875 0.26319444444444445 0.04140625 0.034722222222222224
4 0.262109375 0.10416666666666667 0.02421875 0.019444444444444445