3 0.7381944444444445 0.8510416666666667 0.20694444444444443 0.27708333333333335
3 0.9041666666666667 0.6770833333333334 0.18888888888888888 0.19166666666666668
3 0.9381944444444444 0.5770833333333333 0.12361111111111112 0.1375
3 0.5034722222222222 0.3802083333333333 0.10694444444444444 0.09375
3 0.41458333333333336 0.25625 0.06527777777777778 0.05416666666666667
3 0.4701388888888889 0.17708333333333334 0.04861111111111111 0.03333333333333333
3 0.22430555555555556 0.09166666666666666 0.02638888888888889 0.020833333333333332
4 0.5486111111111112 0.5739583333333333 0.18055555555555555 0.20625
4 0.40555555555555556 0.40208333333333335 0.14722222222222223 0.15
3 0.31180555555555556 0.3302083333333333 0.06527777777777778 0.06875
4 0.6368055555555555 0.3802083333333333 0.14027777777777778 0.11458333333333333
3 0.3506944444444444 0.22395833333333334 0.059722222222222225 0.05625
2 0.3298611111111111 0.13125 0.04583333333333333 0.03333333333333333
4 0.2881944444444444 0.18333333333333332 0.05694444444444444 0.058333333333333334
2 0.3875 0.19479166666666667 0.05555555555555555 0.05625
2 0.5277777777777778 0.265625 0.08055555555555556 0.06875
2 0.4951388888888889 0.3072916666666667 0.09027777777777778 0.08125
2 0.41180555555555554 0.3145833333333333 0.0763888888888889 0.08333333333333333
2 0.675 0.5020833333333333 0.175 0.17083333333333334
2 0.73125 0.36770833333333336 0.10694444444444444 0.09791666666666667
2 0.9319444444444445 0.465625 0.1361111111111111 0.12708333333333333