3 0.24583333333333332 0.23854166666666668 0.044444444444444446 0.04791666666666667
3 0.25972222222222224 0.46145833333333336 0.08333333333333333 0.11041666666666666
3 0.4965277777777778 0.434375 0.09861111111111111 0.11041666666666666
3 0.6423611111111112 0.5697916666666667 0.1486111111111111 0.13958333333333334
2 0.8958333333333334 0.7895833333333333 0.19722222222222222 0.25416666666666665
2 0.5340277777777778 0.8520833333333333 0.20694444444444443 0.2708333333333333
3 0.5888888888888889 0.2875 0.06388888888888888 0.05
3 0.8965277777777778 0.28541666666666665 0.07916666666666666 0.04583333333333333
3 0.2638888888888889 0.153125 0.030555555555555555 0.035416666666666666
3 0.19305555555555556 0.246875 0.03888888888888889 0.05625
3 0.4027777777777778 0.3614583333333333 0.07777777777777778 0.09375
4 0.3173611111111111 0.296875 0.07916666666666666 0.08958333333333333
3 0.14375 0.15520833333333334 0.03194444444444444 0.03125