2 0.6541666666666667 0.6739583333333333 0.24166666666666667 0.19791666666666666
3 0.41458333333333336 0.5020833333333333 0.16805555555555557 0.1125
3 0.06597222222222222 0.271875 0.09305555555555556 0.06041666666666667
3 0.27152777777777776 0.24166666666666667 0.05138888888888889 0.07083333333333333
3 0.33958333333333335 0.24270833333333333 0.05694444444444444 0.05625
3 0.3090277777777778 0.19791666666666666 0.04861111111111111 0.05416666666666667
3 0.24513888888888888 0.20833333333333334 0.0375 0.04583333333333333
4 0.22777777777777777 0.17708333333333334 0.03333333333333333 0.05416666666666667
3 0.28125 0.16354166666666667 0.0375 0.03958333333333333
3 0.2638888888888889 0.14583333333333334 0.030555555555555555 0.041666666666666664
3 0.05486111111111111 0.39479166666666665 0.09583333333333334 0.08541666666666667
3 0.6854166666666667 0.10104166666666667 0.0375 0.027083333333333334