3 0.8201388888888889 0.25416666666666665 0.07083333333333333 0.03333333333333333
3 0.90625 0.19791666666666666 0.02638888888888889 0.03333333333333333
2 0.24513888888888888 0.29791666666666666 0.05416666666666667 0.0625
2 0.31805555555555554 0.39479166666666665 0.08888888888888889 0.11041666666666666
2 0.21041666666666667 0.3854166666666667 0.07361111111111111 0.1
3 0.41458333333333336 0.509375 0.10416666666666667 0.11875
3 0.3284722222222222 0.5770833333333333 0.1125 0.1375
3 0.6041666666666666 0.68125 0.1638888888888889 0.1875
4 0.5951388888888889 0.7927083333333333 0.4513888888888889 0.41458333333333336
2 0.07222222222222222 0.5947916666666667 0.09444444444444444 0.18541666666666667
2 0.04652777777777778 0.8260416666666667 0.09027777777777778 0.28125