4 0.7618055555555555 0.66875 0.3263888888888889 0.2916666666666667
3 0.7715277777777778 0.8625 0.2152777777777778 0.24583333333333332
4 0.4395833333333333 0.7208333333333333 0.2013888888888889 0.25833333333333336
3 0.4986111111111111 0.5916666666666667 0.1388888888888889 0.17916666666666667
3 0.37083333333333335 0.44375 0.1 0.12916666666666668
3 0.33125 0.3697916666666667 0.10694444444444444 0.07708333333333334
3 0.26180555555555557 0.4822916666666667 0.1763888888888889 0.22708333333333333
3 0.08333333333333333 0.603125 0.07777777777777778 0.13958333333333334
3 0.0875 0.4427083333333333 0.06944444444444445 0.10625
3 0.07777777777777778 0.37395833333333334 0.058333333333333334 0.07708333333333334
3 0.07013888888888889 0.296875 0.04583333333333333 0.06041666666666667
3 0.13680555555555557 0.23958333333333334 0.0375 0.05
3 0.22847222222222222 0.28958333333333336 0.04861111111111111 0.0625
3 0.15833333333333333 0.296875 0.044444444444444446 0.05625
2 0.1875 0.3416666666666667 0.06944444444444445 0.0875
3 0.8861111111111111 0.290625 0.07777777777777778 0.05625
3 0.8208333333333333 0.2552083333333333 0.06944444444444445 0.03125
3 0.9375 0.20104166666666667 0.025 0.035416666666666666
3 0.9048611111111111 0.20104166666666667 0.02638888888888889 0.03958333333333333