3 0.54609375 0.45069444444444445 0.1203125 0.13472222222222222
3 0.35859375 0.3055555555555556 0.071875 0.08333333333333333
3 0.178515625 0.15486111111111112 0.02578125 0.04027777777777778
3 0.15234375 0.14444444444444443 0.03125 0.03888888888888889
3 0.146875 0.12708333333333333 0.0265625 0.029166666666666667
2 0.128515625 0.11597222222222223 0.02109375 0.0375
2 0.1140625 0.10625 0.0203125 0.034722222222222224
2 0.19609375 0.16527777777777777 0.0375 0.05277777777777778
2 0.2234375 0.19166666666666668 0.04375 0.06388888888888888
2 0.254296875 0.21597222222222223 0.04921875 0.07361111111111111
2 0.309765625 0.25277777777777777 0.05234375 0.07777777777777778
2 0.440234375 0.34791666666666665 0.09609375 0.12916666666666668
2 0.798046875 0.6243055555555556 0.21015625 0.24305555555555555
2 0.735546875 0.23125 0.09296875 0.07361111111111111