4 0.8680555555555556 0.28020833333333334 0.09444444444444444 0.06041666666666667
3 0.8229166666666666 0.25729166666666664 0.06805555555555555 0.03125
3 0.5909722222222222 0.24895833333333334 0.04027777777777778 0.05625
3 0.7888888888888889 0.709375 0.18611111111111112 0.19791666666666666
2 0.7208333333333333 0.8072916666666666 0.2222222222222222 0.26875
3 0.5958333333333333 0.54375 0.12777777777777777 0.125
3 0.4131944444444444 0.5 0.10972222222222222 0.125
4 0.32083333333333336 0.5895833333333333 0.14444444444444443 0.17916666666666667
4 0.46111111111111114 0.4083333333333333 0.11666666666666667 0.14166666666666666
3 0.37569444444444444 0.3572916666666667 0.06805555555555555 0.07291666666666667
3 0.2048611111111111 0.37916666666666665 0.0625 0.07083333333333333
3 0.22430555555555556 0.2875 0.059722222222222225 0.0625
3 0.25763888888888886 0.240625 0.04861111111111111 0.06041666666666667
3 0.15486111111111112 0.27291666666666664 0.04583333333333333 0.05416666666666667
3 0.15625 0.18333333333333332 0.029166666666666667 0.03333333333333333
3 0.10902777777777778 0.17604166666666668 0.02361111111111111 0.03125