4 0.6840277777777778 0.6020833333333333 0.2847222222222222 0.3958333333333333
3 0.26944444444444443 0.34479166666666666 0.041666666666666664 0.052083333333333336
3 0.2916666666666667 0.390625 0.05 0.06458333333333334
3 0.42986111111111114 0.490625 0.0763888888888889 0.08541666666666667
3 0.38472222222222224 0.41041666666666665 0.058333333333333334 0.0625
3 0.45 0.38333333333333336 0.05555555555555555 0.0625
3 0.4340277777777778 0.29375 0.034722222222222224 0.041666666666666664
3 0.3402777777777778 0.33645833333333336 0.03888888888888889 0.04791666666666667
3 0.3638888888888889 0.36770833333333336 0.05 0.06458333333333334
3 0.8298611111111112 0.5447916666666667 0.11805555555555555 0.11041666666666666
3 0.7527777777777778 0.9541666666666667 0.14166666666666666 0.09166666666666666
3 0.25972222222222224 0.2989583333333333 0.03611111111111111 0.052083333333333336
3 0.30486111111111114 0.26979166666666665 0.034722222222222224 0.03958333333333333
3 0.42291666666666666 0.3416666666666667 0.043055555555555555 0.05
2 0.36875 0.225 0.029166666666666667 0.03333333333333333
2 0.2826388888888889 0.24270833333333333 0.029166666666666667 0.035416666666666666
2 0.3333333333333333 0.234375 0 0.0020833333333333333
2 0.35 0.2552083333333333 0.03333333333333333 0.04375
2 0.3645833333333333 0.278125 0.034722222222222224 0.03958333333333333
2 0.32083333333333336 0.30416666666666664 0.03888888888888889 0.04583333333333333
2 0.3861111111111111 0.3020833333333333 0.044444444444444446 0.05
3 0.41041666666666665 0.2625 0.04027777777777778 0.0375
2 0.46458333333333335 0.26979166666666665 0.04027777777777778 0.03958333333333333
2 0.5013888888888889 0.28229166666666666 0.03888888888888889 0.04375
2 0.5319444444444444 0.3104166666666667 0.05555555555555555 0.058333333333333334
2 0.5923611111111111 0.3489583333333333 0.0625 0.06041666666666667
2 0.4652777777777778 0.31354166666666666 0.05 0.05625
2 0.5083333333333333 0.35625 0.058333333333333334 0.05416666666666667
2 0.5722222222222222 0.390625 0.06944444444444445 0.04375
2 0.5013888888888889 0.4354166666666667 0.08055555555555556 0.0875
2 0.4798611111111111 0.5854166666666667 0.09027777777777778 0.12916666666666668
2 0.31527777777777777 0.453125 0.06111111111111111 0.08541666666666667
2 0.3625 0.559375 0.07777777777777778 0.11875
2 0.4270833333333333 0.7083333333333334 0.12083333333333333 0.19166666666666668
2 0.5965277777777778 0.75625 0.13194444444444445 0.18333333333333332
2 0.69375 0.4270833333333333 0.0875 0.07916666666666666
2 0.9340277777777778 0.478125 0.10694444444444444 0.08541666666666667
2 0.9229166666666667 0.9208333333333333 0.13194444444444445 0.15833333333333333
2 0.51875 0.9520833333333333 0.13194444444444445 0.09583333333333334