3 0.40625 0.26875 0.07361111111111111 0.06666666666666667
3 0.4576388888888889 0.39895833333333336 0.1125 0.10625
3 0.5055555555555555 0.32916666666666666 0.1 0.0875
3 0.5916666666666667 0.5010416666666667 0.14444444444444443 0.13958333333333334
3 0.9055555555555556 0.3541666666666667 0.11944444444444445 0.07916666666666666
3 0.9076388888888889 0.6072916666666667 0.1763888888888889 0.17708333333333334
3 0.8069444444444445 0.6791666666666667 0.20833333333333334 0.20833333333333334
2 0.24791666666666667 0.16458333333333333 0.043055555555555555 0.04583333333333333
2 0.30416666666666664 0.16041666666666668 0.05 0.05
2 0.34930555555555554 0.12395833333333334 0.04583333333333333 0.035416666666666666
2 0.41041666666666665 0.20729166666666668 0.06527777777777778 0.05625
2 0.3472222222222222 0.29791666666666666 0.08055555555555556 0.0875
2 0.4895833333333333 0.24270833333333333 0.08472222222222223 0.08125
2 0.6652777777777777 0.21041666666666667 0.07777777777777778 0.05416666666666667
2 0.5979166666666667 0.29270833333333335 0.1125 0.09375
2 0.65 0.4114583333333333 0.14722222222222223 0.13958333333333334
2 0.74375 0.36354166666666665 0.12916666666666668 0.10625
2 0.9541666666666667 0.465625 0.08333333333333333 0.10625
2 0.15833333333333333 0.153125 0.03333333333333333 0.04375