3 0.15069444444444444 0.7239583333333334 0.21805555555555556 0.23958333333333334
3 0.13680555555555557 0.471875 0.15694444444444444 0.13125
3 0.034722222222222224 0.66875 0.06666666666666667 0.12916666666666668
2 0.3638888888888889 0.5197916666666667 0.1638888888888889 0.18541666666666667
2 0.3090277777777778 0.35208333333333336 0.12083333333333333 0.09583333333333334
2 0.5229166666666667 0.3885416666666667 0.10694444444444444 0.11875
4 0.2763888888888889 0.46875 0.17777777777777778 0.15833333333333333
4 0.4583333333333333 0.33645833333333336 0.13055555555555556 0.13125
3 0.4201388888888889 0.29375 0.08472222222222223 0.07083333333333333
3 0.6354166666666666 0.3020833333333333 0.07361111111111111 0.08333333333333333
3 0.5111111111111111 0.2552083333333333 0.06666666666666667 0.052083333333333336
3 0.5763888888888888 0.21354166666666666 0.06111111111111111 0.06041666666666667
3 0.6930555555555555 0.25729166666666664 0.05277777777777778 0.06041666666666667
3 0.7333333333333333 0.22083333333333333 0.05 0.05
3 0.7819444444444444 0.178125 0.03888888888888889 0.04375
3 0.6465277777777778 0.21458333333333332 0.0625 0.058333333333333334
3 0.6902777777777778 0.16145833333333334 0.03611111111111111 0.035416666666666666
3 0.8090277777777778 0.15625 0.034722222222222224 0.0375