3 0.6833333333333333 0.30104166666666665 0.06666666666666667 0.052083333333333336
2 0.14375 0.403125 0.1375 0.07291666666666667
2 0.3194444444444444 0.228125 0.03888888888888889 0.052083333333333336
2 0.3875 0.228125 0.044444444444444446 0.052083333333333336
2 0.3541666666666667 0.18541666666666667 0.03888888888888889 0.05
3 0.39305555555555555 0.171875 0.030555555555555555 0.03125
3 0.3993055555555556 0.13333333333333333 0.02638888888888889 0.025
2 0.29930555555555555 0.18958333333333333 0.0375 0.058333333333333334
2 0.5131944444444444 0.23020833333333332 0.05138888888888889 0.05625
3 0.5006944444444444 0.16145833333333334 0.034722222222222224 0.027083333333333334
3 0.5256944444444445 0.15104166666666666 0.03194444444444444 0.027083333333333334
2 0.7319444444444444 0.27291666666666664 0.07222222222222222 0.05416666666666667