3 0.09027777777777778 0.18645833333333334 0.03888888888888889 0.03125
3 0.4340277777777778 0.40625 0.09027777777777778 0.075
3 0.6222222222222222 0.209375 0.041666666666666664 0.035416666666666666
2 0.04236111111111111 0.23645833333333333 0.04861111111111111 0.052083333333333336
2 0.16180555555555556 0.296875 0.05416666666666667 0.06875
2 0.3347222222222222 0.3927083333333333 0.10833333333333334 0.09375
2 0.06875 0.8416666666666667 0.13472222222222222 0.15416666666666667
2 0.4097222222222222 0.19479166666666667 0.04722222222222222 0.04791666666666667
2 0.45902777777777776 0.19479166666666667 0.043055555555555555 0.04375
2 0.5145833333333333 0.196875 0.04583333333333333 0.04375
2 0.4986111111111111 0.26145833333333335 0.058333333333333334 0.06041666666666667
2 0.5763888888888888 0.259375 0.05277777777777778 0.05625
3 0.6166666666666667 0.1625 0.03333333333333333 0.029166666666666667
3 0.5291666666666667 0.159375 0.027777777777777776 0.027083333333333334
3 0.5541666666666667 0.14375 0.027777777777777776 0.029166666666666667
3 0.5784722222222223 0.13333333333333333 0.02361111111111111 0.025
2 0.5993055555555555 0.11666666666666667 0.02361111111111111 0.025
2 0.6208333333333333 0.10416666666666667 0.022222222222222223 0.025