4 0.4625 0.3 0.08611111111111111 0.07083333333333333
3 0.36180555555555555 0.30104166666666665 0.05694444444444444 0.05625
3 0.5979166666666667 0.275 0.07361111111111111 0.058333333333333334
3 0.7 0.33125 0.08888888888888889 0.06666666666666667
3 0.7625 0.6041666666666666 0.16666666666666666 0.15416666666666667
3 0.8361111111111111 0.3885416666666667 0.09444444444444444 0.08125
3 0.5333333333333333 0.28541666666666665 0.08611111111111111 0.06666666666666667
2 0.4618055555555556 0.3729166666666667 0.09027777777777778 0.09166666666666666
2 0.5388888888888889 0.35208333333333336 0.08333333333333333 0.07916666666666666
2 0.6402777777777777 0.34479166666666666 0.1 0.08541666666666667
2 0.7041666666666667 0.44375 0.11944444444444445 0.11666666666666667
2 0.5763888888888888 0.45208333333333334 0.10277777777777777 0.1125
2 0.8479166666666667 0.553125 0.14583333333333334 0.13125
2 0.9513888888888888 0.4375 0.08611111111111111 0.09166666666666666
2 0.95 0.5260416666666666 0.09166666666666666 0.11875