3 0.0625 0.3145833333333333 0.06666666666666667 0.07083333333333333
3 0.8388888888888889 0.5895833333333333 0.18888888888888888 0.12916666666666668
3 0.36736111111111114 0.19270833333333334 0.06527777777777778 0.035416666666666666
4 0.0763888888888889 0.19270833333333334 0.05 0.03958333333333333
3 0.12777777777777777 0.18333333333333332 0.03888888888888889 0.03333333333333333
2 0.24444444444444444 0.2833333333333333 0.08055555555555556 0.06666666666666667
3 0.4638888888888889 0.18958333333333333 0.041666666666666664 0.0375
3 0.5076388888888889 0.19479166666666667 0.04583333333333333 0.03958333333333333
3 0.5986111111111111 0.2375 0.03611111111111111 0.04583333333333333
2 0.64375 0.32083333333333336 0.07083333333333333 0.075
2 0.3277777777777778 0.7833333333333333 0.21666666666666667 0.2708333333333333
0 0.8034722222222223 0.8385416666666666 0.36527777777777776 0.3229166666666667