3 0.13819444444444445 0.7479166666666667 0.2513888888888889 0.15
3 0.43125 0.22395833333333334 0.04583333333333333 0.04791666666666667
3 0.5013888888888889 0.234375 0.04722222222222222 0.04375
4 0.31666666666666665 0.20625 0.07777777777777778 0.13333333333333333
3 0.38680555555555557 0.128125 0.02361111111111111 0.022916666666666665
2 0.3798611111111111 0.22708333333333333 0.043055555555555555 0.05
2 0.4465277777777778 0.18020833333333333 0.034722222222222224 0.04375
2 0.46597222222222223 0.20520833333333333 0.0375 0.04375
2 0.30694444444444446 0.4427083333333333 0.14722222222222223 0.09791666666666667
2 0.4 0.5916666666666667 0.19722222222222222 0.13333333333333333
2 0.9395833333333333 0.4166666666666667 0.10694444444444444 0.07916666666666666