4 0.30416666666666664 0.7114583333333333 0.16944444444444445 0.30625
3 0.18958333333333333 0.23125 0.02638888888888889 0.03333333333333333
3 0.34444444444444444 0.3541666666666667 0.058333333333333334 0.0625
3 0.3020833333333333 0.30416666666666664 0.04583333333333333 0.05416666666666667
3 0.2951388888888889 0.4125 0.0625 0.075
3 0.4222222222222222 0.43333333333333335 0.07777777777777778 0.08333333333333333
3 0.5902777777777778 0.371875 0.075 0.06041666666666667
4 0.10902777777777778 0.16145833333333334 0.02638888888888889 0.04375
4 0.14444444444444443 0.15833333333333333 0.027777777777777776 0.04583333333333333
2 0.21458333333333332 0.28020833333333334 0.0375 0.04791666666666667
2 0.15833333333333333 0.32916666666666666 0.044444444444444446 0.06666666666666667
2 0.5368055555555555 0.7947916666666667 0.16527777777777777 0.23125
2 0.6770833333333334 0.5104166666666666 0.13194444444444445 0.12083333333333333
2 0.8736111111111111 0.38333333333333336 0.10833333333333334 0.0625