3 0.32708333333333334 0.3125 0.043055555555555555 0.05416666666666667
2 0.16319444444444445 0.21770833333333334 0.02638888888888889 0.03125
2 0.32569444444444445 0.2520833333333333 0.034722222222222224 0.04583333333333333
2 0.3645833333333333 0.378125 0.05416666666666667 0.06875
2 0.4270833333333333 0.36041666666666666 0.05694444444444444 0.06666666666666667
2 0.3993055555555556 0.271875 0.034722222222222224 0.03958333333333333
2 0.4305555555555556 0.29375 0.041666666666666664 0.05416666666666667
2 0.48055555555555557 0.321875 0.06666666666666667 0.09375
2 0.5333333333333333 0.37395833333333334 0.075 0.08541666666666667
2 0.5576388888888889 0.334375 0.059722222222222225 0.06875
2 0.6173611111111111 0.371875 0.0763888888888889 0.08541666666666667
4 0.24861111111111112 0.2125 0.03333333333333333 0.04583333333333333
2 0.7277777777777777 0.3927083333333333 0.058333333333333334 0.07291666666666667
3 0.8680555555555556 0.5822916666666667 0.1 0.11041666666666666
2 0.4041666666666667 0.7583333333333333 0.21388888888888888 0.15
2 0.32013888888888886 0.928125 0.2625 0.14375