4 0.5180555555555556 0.259375 0.10277777777777777 0.12291666666666666
3 0.3625 0.2947916666666667 0.05555555555555555 0.052083333333333336
3 0.4375 0.34479166666666666 0.07777777777777778 0.06875
3 0.46875 0.2989583333333333 0.07083333333333333 0.06458333333333334
3 0.70625 0.3333333333333333 0.08194444444444444 0.0625
3 0.6284722222222222 0.49375 0.10972222222222222 0.10416666666666667
3 0.7902777777777777 0.43020833333333336 0.11944444444444445 0.09791666666666667
3 0.8375 0.38645833333333335 0.09722222222222222 0.08958333333333333
3 0.8083333333333333 0.8322916666666667 0.21388888888888888 0.25625
2 0.40555555555555556 0.26666666666666666 0.05277777777777778 0.05416666666666667
2 0.5576388888888889 0.3541666666666667 0.09583333333333334 0.09166666666666666
2 0.6604166666666667 0.35 0.10416666666666667 0.08333333333333333
2 0.7104166666666667 0.45208333333333334 0.13472222222222222 0.125
2 0.5138888888888888 0.4010416666666667 0.09722222222222222 0.09791666666666667
2 0.4361111111111111 0.45208333333333334 0.10277777777777777 0.11666666666666667
2 0.5743055555555555 0.5885416666666666 0.1375 0.16875
2 0.8152777777777778 0.628125 0.18333333333333332 0.18958333333333333
3 0.9263888888888889 0.6114583333333333 0.13055555555555556 0.16041666666666668
2 0.9305555555555556 0.5 0.12777777777777777 0.13333333333333333
2 0.9638888888888889 0.45 0.06388888888888888 0.07916666666666666