3 0.37430555555555556 0.6208333333333333 0.15416666666666667 0.11666666666666667
2 0.2513888888888889 0.3958333333333333 0.10277777777777777 0.075
3 0.3625 0.42083333333333334 0.10555555555555556 0.0875
3 0.37916666666666665 0.35833333333333334 0.09722222222222222 0.0625
3 0.46875 0.30833333333333335 0.07083333333333333 0.05416666666666667
2 0.5152777777777777 0.33229166666666665 0.06944444444444445 0.06875
3 0.6430555555555556 0.365625 0.06666666666666667 0.06041666666666667
3 0.5395833333333333 0.28020833333333334 0.04583333333333333 0.03958333333333333
3 0.76875 0.24583333333333332 0.04027777777777778 0.041666666666666664
3 0.6 0.23958333333333334 0.044444444444444446 0.05
2 0.6756944444444445 0.19791666666666666 0.029166666666666667 0.03333333333333333
3 0.6923611111111111 0.18020833333333333 0.018055555555555554 0.01875