3 0.11388888888888889 0.16145833333333334 0.030555555555555555 0.03958333333333333
3 0.21666666666666667 0.18645833333333334 0.03888888888888889 0.04375
4 0.7090277777777778 0.096875 0.11805555555555555 0.09791666666666667
3 0.76875 0.11458333333333333 0.034722222222222224 0.029166666666666667
3 0.8020833333333334 0.09583333333333334 0.02638888888888889 0.029166666666666667
3 0.8263888888888888 0.08645833333333333 0.025 0.022916666666666665
3 0.4777777777777778 0.25416666666666665 0.07777777777777778 0.058333333333333334
4 0.3104166666666667 0.11979166666666667 0.05416666666666667 0.052083333333333336
2 0.16041666666666668 0.12291666666666666 0.03194444444444444 0.0375
2 0.19375 0.11770833333333333 0.03194444444444444 0.035416666666666666
2 0.18263888888888888 0.15104166666666666 0.04027777777777778 0.04791666666666667
2 0.1423611111111111 0.18958333333333333 0.043055555555555555 0.058333333333333334
2 0.2611111111111111 0.17291666666666666 0.044444444444444446 0.05
2 0.36041666666666666 0.2635416666666667 0.08472222222222223 0.07708333333333334
2 0.5611111111111111 0.10104166666666667 0.058333333333333334 0.035416666666666666
2 0.6430555555555556 0.17291666666666666 0.058333333333333334 0.05416666666666667
2 0.725 0.13229166666666667 0.041666666666666664 0.03958333333333333
2 0.8243055555555555 0.178125 0.04583333333333333 0.04791666666666667