3 0.8881944444444444 0.7375 0.1625 0.20833333333333334
3 0.7284722222222222 0.421875 0.08472222222222223 0.09375
2 0.6388888888888888 0.45416666666666666 0.09722222222222222 0.12083333333333333
2 0.8291666666666667 0.503125 0.13333333333333333 0.14791666666666667
2 0.8659722222222223 0.4322916666666667 0.11805555555555555 0.10625
3 0.5479166666666667 0.3416666666666667 0.06805555555555555 0.07916666666666666
3 0.65625 0.353125 0.07083333333333333 0.07291666666666667
3 0.7361111111111112 0.346875 0.08055555555555556 0.07291666666666667
3 0.6618055555555555 0.3 0.06527777777777778 0.05416666666666667
3 0.7131944444444445 0.2635416666666667 0.059722222222222225 0.04375
3 0.5916666666666667 0.3020833333333333 0.06111111111111111 0.058333333333333334
3 0.49166666666666664 0.278125 0.044444444444444446 0.06041666666666667
3 0.5451388888888888 0.25833333333333336 0.0375 0.04583333333333333
3 0.6118055555555556 0.2625 0.0375 0.0375
4 0.5729166666666666 0.225 0.05416666666666667 0.05