4 0.8319444444444445 0.5458333333333333 0.1527777777777778 0.11666666666666667
4 0.5215277777777778 0.16666666666666666 0.09027777777777778 0.13333333333333333
3 0.3819444444444444 0.26875 0.041666666666666664 0.05
3 0.36736111111111114 0.38958333333333334 0.11527777777777778 0.07083333333333333
3 0.7784722222222222 0.47291666666666665 0.10972222222222222 0.08333333333333333
3 0.4395833333333333 0.23125 0.034722222222222224 0.0375
3 0.48680555555555555 0.215625 0.034722222222222224 0.03958333333333333
2 0.3368055555555556 0.75 0.21805555555555556 0.18333333333333332
2 0.5229166666666667 0.39375 0.1125 0.0875
2 0.3736111111111111 0.215625 0.03888888888888889 0.04791666666666667
2 0.42986111111111114 0.19791666666666666 0.034722222222222224 0.04583333333333333
2 0.9159722222222222 0.26666666666666666 0.06527777777777778 0.05416666666666667