3 0.7847222222222222 0.38125 0.10277777777777777 0.05416666666666667
3 0.8756944444444444 0.6166666666666667 0.15694444444444444 0.10833333333333334
2 0.225 0.24895833333333334 0.027777777777777776 0.035416666666666666
2 0.3125 0.24583333333333332 0.030555555555555555 0.029166666666666667
2 0.2798611111111111 0.3177083333333333 0.04027777777777778 0.052083333333333336
3 0.29930555555555555 0.353125 0.04861111111111111 0.05625
2 0.4284722222222222 0.33125 0.04861111111111111 0.05
2 0.3076388888888889 0.5020833333333333 0.12083333333333333 0.09166666666666666
3 0.9534722222222223 0.47291666666666665 0.08472222222222223 0.08333333333333333
3 0.9625 0.4083333333333333 0.06388888888888888 0.05416666666666667
3 0.9465277777777777 0.37395833333333334 0.08472222222222223 0.05625
2 0.9409722222222222 0.6989583333333333 0.10972222222222222 0.13958333333333334