4 0.07013888888888889 0.7583333333333333 0.1375 0.16666666666666666
4 0.12291666666666666 0.49375 0.24027777777777778 0.20416666666666666
3 0.4895833333333333 0.403125 0.059722222222222225 0.052083333333333336
3 0.5819444444444445 0.39895833333333336 0.044444444444444446 0.052083333333333336
3 0.6055555555555555 0.3614583333333333 0.041666666666666664 0.04791666666666667
4 0.5451388888888888 0.35520833333333335 0.05416666666666667 0.05625
2 0.2833333333333333 0.46770833333333334 0.09722222222222222 0.06875
2 0.39652777777777776 0.440625 0.0763888888888889 0.06041666666666667
2 0.5409722222222222 0.44895833333333335 0.0625 0.06875
4 0.6298611111111111 0.31979166666666664 0.04027777777777778 0.04791666666666667
2 0.6173611111111111 0.26875 0.03194444444444444 0.0375
2 0.5951388888888889 0.2947916666666667 0.034722222222222224 0.035416666666666666
2 0.6486111111111111 0.29270833333333335 0.027777777777777776 0.04375
2 0.65625 0.26666666666666666 0.029166666666666667 0.03333333333333333
3 0.6777777777777778 0.24583333333333332 0.025 0.029166666666666667
2 0.8263888888888888 0.8770833333333333 0.21666666666666667 0.15833333333333333