3 0.3277777777777778 0.33541666666666664 0.058333333333333334 0.04583333333333333
3 0.30833333333333335 0.4479166666666667 0.08333333333333333 0.075
3 0.46597222222222223 0.41354166666666664 0.08472222222222223 0.06875
3 0.7409722222222223 0.5572916666666666 0.1375 0.11458333333333333
2 0.30069444444444443 0.2552083333333333 0.043055555555555555 0.03125
2 0.39375 0.25625 0.04861111111111111 0.04583333333333333
2 0.46319444444444446 0.28541666666666665 0.0625 0.04583333333333333
2 0.5555555555555556 0.34375 0.08055555555555556 0.058333333333333334
3 0.3993055555555556 0.3729166666666667 0.0763888888888889 0.058333333333333334
2 0.5819444444444445 0.45625 0.11388888888888889 0.09583333333333334
3 0.6763888888888889 0.35520833333333335 0.08333333333333333 0.052083333333333336
2 0.94375 0.7333333333333333 0.10138888888888889 0.19166666666666668