4 0.33819444444444446 0.25416666666666665 0.04861111111111111 0.04583333333333333
3 0.33055555555555555 0.21041666666666667 0.03333333333333333 0.029166666666666667
3 0.29583333333333334 0.3 0.05 0.05
3 0.3701388888888889 0.3770833333333333 0.0625 0.06666666666666667
3 0.4597222222222222 0.4739583333333333 0.09444444444444444 0.09375
2 0.21666666666666667 0.20625 0.027777777777777776 0.03333333333333333
2 0.24166666666666667 0.22916666666666666 0.03611111111111111 0.041666666666666664
2 0.5791666666666667 0.371875 0.07777777777777778 0.06875
2 0.2013888888888889 0.18541666666666667 0.022222222222222223 0.025
2 0.2569444444444444 0.190625 0.027777777777777776 0.027083333333333334
3 0.27708333333333335 0.17708333333333334 0.020833333333333332 0.020833333333333332
2 0.21875 0.16145833333333334 0.018055555555555554 0.022916666666666665
2 0.16875 0.1625 0.018055555555555554 0.020833333333333332
2 0.23819444444444443 0.15 0.015277777777777777 0.020833333333333332
2 0.14930555555555555 0.146875 0.018055555555555554 0.022916666666666665
3 0.2 0.146875 0.016666666666666666 0.01875