3 0.37430555555555556 0.37395833333333334 0.0875 0.08125
3 0.66875 0.24895833333333334 0.05416666666666667 0.05625
3 0.8902777777777777 0.23645833333333333 0.044444444444444446 0.04375
3 0.8020833333333334 0.40625 0.0763888888888889 0.07916666666666666
3 0.05 0.3375 0.08055555555555556 0.058333333333333334
2 0.09930555555555555 0.22395833333333334 0.07361111111111111 0.04375
2 0.18055555555555555 0.175 0.044444444444444446 0.041666666666666664
2 0.23958333333333334 0.17604166666666668 0.05694444444444444 0.03958333333333333
2 0.32430555555555557 0.17708333333333334 0.05138888888888889 0.0375
2 0.7 0.39375 0.07777777777777778 0.07916666666666666
2 0.7756944444444445 0.171875 0.04583333333333333 0.04375
2 0.9111111111111111 0.16979166666666667 0.03611111111111111 0.04375
2 0.7673611111111112 0.109375 0.02361111111111111 0.027083333333333334
2 0.8340277777777778 0.12395833333333334 0.02638888888888889 0.03125
3 0.8875 0.12291666666666666 0.025 0.029166666666666667