3 0.8645833333333334 0.7229166666666667 0.19583333333333333 0.22083333333333333
3 0.7215277777777778 0.5260416666666666 0.11805555555555555 0.13125
3 0.6388888888888888 0.43645833333333334 0.08611111111111111 0.08958333333333333
3 0.7576388888888889 0.44479166666666664 0.09027777777777778 0.08958333333333333
3 0.8298611111111112 0.409375 0.10972222222222222 0.09375
3 0.8861111111111111 0.5354166666666667 0.13333333333333333 0.14583333333333334
3 0.575 0.36666666666666664 0.06666666666666667 0.07916666666666666
3 0.5284722222222222 0.315625 0.05416666666666667 0.052083333333333336
3 0.64375 0.203125 0.043055555555555555 0.03125
3 0.5256944444444445 0.146875 0.020833333333333332 0.022916666666666665
2 0.9465277777777777 0.5083333333333333 0.09027777777777778 0.13333333333333333
4 0.5361111111111111 0.10833333333333334 0.019444444444444445 0.029166666666666667