3 0.33194444444444443 0.39479166666666665 0.08888888888888889 0.06875
3 0.36527777777777776 0.246875 0.05277777777777778 0.052083333333333336
3 0.41180555555555554 0.26875 0.059722222222222225 0.058333333333333334
3 0.64375 0.18645833333333334 0.0375 0.03125
2 0.21944444444444444 0.678125 0.18055555555555555 0.18125
2 0.14375 0.3854166666666667 0.12638888888888888 0.1125
2 0.04583333333333333 0.6770833333333334 0.08888888888888889 0.12916666666666668
0 0.2826388888888889 0.23125 0.1486111111111111 0.125
3 0.48055555555555557 0.37916666666666665 0.06944444444444445 0.075
3 0.5166666666666667 0.190625 0.041666666666666664 0.03958333333333333
3 0.5708333333333333 0.278125 0.05277777777777778 0.052083333333333336
2 0.8902777777777777 0.721875 0.2 0.21875
3 0.9333333333333333 0.61875 0.11666666666666667 0.0875
3 0.42569444444444443 0.18229166666666666 0.043055555555555555 0.03958333333333333
3 0.49166666666666664 0.17604166666666668 0.03611111111111111 0.035416666666666666
3 0.5388888888888889 0.153125 0.03333333333333333 0.03125