3 0.7270833333333333 0.8145833333333333 0.24027777777777778 0.16666666666666666
3 0.7729166666666667 0.6916666666666667 0.21805555555555556 0.13333333333333333
3 0.325 0.2833333333333333 0.06388888888888888 0.04583333333333333
3 0.3902777777777778 0.2604166666666667 0.058333333333333334 0.041666666666666664
3 0.45 0.234375 0.05277777777777778 0.035416666666666666
3 0.50625 0.21041666666666667 0.04583333333333333 0.0375
3 0.4173611111111111 0.209375 0.04583333333333333 0.03125
4 0.3298611111111111 0.22708333333333333 0.1125 0.07083333333333333
2 0.5444444444444444 0.19479166666666667 0.03611111111111111 0.035416666666666666
2 0.5993055555555555 0.175 0.03194444444444444 0.025
2 0.26458333333333334 0.275 0.06805555555555555 0.05416666666666667
2 0.18958333333333333 0.2760416666666667 0.07083333333333333 0.052083333333333336
0 0.8652777777777778 0.5104166666666666 0.2611111111111111 0.1875