3 0.1527777777777778 0.4083333333333333 0.09444444444444444 0.058333333333333334
3 0.2638888888888889 0.396875 0.07222222222222222 0.06041666666666667
3 0.4576388888888889 0.353125 0.05138888888888889 0.04791666666666667
4 0.3840277777777778 0.29583333333333334 0.16527777777777777 0.15833333333333333
2 0.3375 0.38229166666666664 0.06666666666666667 0.07291666666666667
2 0.39444444444444443 0.38958333333333334 0.07777777777777778 0.0875
2 0.45902777777777776 0.40520833333333334 0.06527777777777778 0.07291666666666667
2 0.5006944444444444 0.3145833333333333 0.05138888888888889 0.04583333333333333
2 0.4083333333333333 0.33229166666666665 0.05555555555555555 0.035416666666666666
2 0.4625 0.303125 0.03888888888888889 0.04791666666666667
3 0.5069444444444444 0.3645833333333333 0.04722222222222222 0.058333333333333334
3 0.55 0.3302083333333333 0.041666666666666664 0.04791666666666667
2 0.7145833333333333 0.6916666666666667 0.14027777777777778 0.1