4 0.09097222222222222 0.4010416666666667 0.09305555555555556 0.09375
3 0.4097222222222222 0.19583333333333333 0.044444444444444446 0.03333333333333333
4 0.07291666666666667 0.159375 0.05416666666666667 0.06041666666666667
2 0.08819444444444445 0.203125 0.04583333333333333 0.03958333333333333
2 0.45 0.171875 0.041666666666666664 0.03958333333333333
2 0.4625 0.19375 0.05277777777777778 0.05
3 0.5138888888888888 0.16770833333333332 0.03888888888888889 0.035416666666666666
3 0.5444444444444444 0.153125 0.030555555555555555 0.03125
2 0.5701388888888889 0.13125 0.029166666666666667 0.03333333333333333
2 0.5916666666666667 0.12083333333333333 0.025 0.025
3 0.9423611111111111 0.5229166666666667 0.09861111111111111 0.0875