3 0.6465277777777778 0.5770833333333333 0.1125 0.12083333333333333
3 0.46041666666666664 0.25833333333333336 0.0625 0.04583333333333333
3 0.5618055555555556 0.209375 0.043055555555555555 0.03958333333333333
3 0.7284722222222222 0.3104166666666667 0.05694444444444444 0.058333333333333334
3 0.8534722222222222 0.2375 0.034722222222222224 0.03333333333333333
3 0.8881944444444444 0.1875 0.02638888888888889 0.029166666666666667
2 0.06597222222222222 0.6020833333333333 0.12916666666666668 0.17083333333333334
2 0.8006944444444445 0.221875 0.04583333333333333 0.052083333333333336
2 0.8180555555555555 0.29791666666666666 0.04722222222222222 0.05
4 0.5597222222222222 0.46145833333333336 0.1361111111111111 0.17291666666666666
2 0.6118055555555556 0.2125 0.05138888888888889 0.041666666666666664
2 0.6541666666666667 0.165625 0.030555555555555555 0.03125
2 0.7472222222222222 0.14375 0.027777777777777776 0.020833333333333332
2 0.8576388888888888 0.159375 0.02638888888888889 0.027083333333333334