4 0.26805555555555555 0.41458333333333336 0.25833333333333336 0.20416666666666666
3 0.5513888888888889 0.23333333333333334 0.03888888888888889 0.03333333333333333
3 0.6534722222222222 0.19895833333333332 0.029166666666666667 0.027083333333333334
3 0.7319444444444444 0.19479166666666667 0.025 0.027083333333333334
3 0.7395833333333334 0.16458333333333333 0.018055555555555554 0.016666666666666666
3 0.7013888888888888 0.16666666666666666 0.016666666666666666 0.020833333333333332
2 0.5104166666666666 0.27708333333333335 0.06805555555555555 0.06666666666666667
2 0.48055555555555557 0.2625 0.04722222222222222 0.05
2 0.6180555555555556 0.21979166666666666 0.03888888888888889 0.03958333333333333
2 0.6777777777777778 0.18020833333333333 0.027777777777777776 0.035416666666666666
3 0.6138888888888889 0.19583333333333333 0.030555555555555555 0.025