3 0.45 0.6114583333333333 0.14722222222222223 0.19791666666666666
3 0.825 0.921875 0.26944444444444443 0.15625
3 0.925 0.7302083333333333 0.1361111111111111 0.14791666666666667
3 0.40694444444444444 0.3729166666666667 0.07222222222222222 0.075
3 0.5104166666666666 0.28020833333333334 0.05694444444444444 0.052083333333333336
3 0.4583333333333333 0.26875 0.06111111111111111 0.05416666666666667
3 0.5354166666666667 0.23020833333333332 0.0375 0.03125
3 0.6625 0.19583333333333333 0.03333333333333333 0.029166666666666667
3 0.5743055555555555 0.21041666666666667 0.029166666666666667 0.029166666666666667
3 0.6076388888888888 0.19791666666666666 0.03194444444444444 0.029166666666666667
3 0.03680555555555556 0.5125 0.07083333333333333 0.125
2 0.06805555555555555 0.31354166666666666 0.06111111111111111 0.06041666666666667
4 0.46875 0.21458333333333332 0.18472222222222223 0.14583333333333334