3 0.4097222222222222 0.2760416666666667 0.041666666666666664 0.04375
3 0.4486111111111111 0.3 0.044444444444444446 0.05
3 0.5375 0.384375 0.05555555555555555 0.06041666666666667
3 0.5958333333333333 0.43645833333333334 0.07777777777777778 0.07708333333333334
3 0.58125 0.353125 0.05138888888888889 0.052083333333333336
3 0.6861111111111111 0.51875 0.09722222222222222 0.09583333333333334
3 0.7631944444444444 0.6145833333333334 0.12361111111111112 0.12916666666666668
3 0.9430555555555555 0.659375 0.09722222222222222 0.13125
3 0.9506944444444444 0.8197916666666667 0.08194444444444444 0.14375
3 0.40069444444444446 0.178125 0.02638888888888889 0.022916666666666665
2 0.4666666666666667 0.190625 0.025 0.022916666666666665
2 0.4673611111111111 0.21979166666666666 0.034722222222222224 0.03125
2 0.5576388888888889 0.275 0.04583333333333333 0.0375
2 0.7020833333333333 0.315625 0.06527777777777778 0.052083333333333336
2 0.49375 0.334375 0.05416666666666667 0.05625
2 0.6319444444444444 0.38958333333333334 0.07222222222222222 0.07083333333333333
2 0.7354166666666667 0.44895833333333335 0.09861111111111111 0.09375
2 0.8236111111111111 0.5364583333333334 0.11388888888888889 0.11458333333333333
2 0.7798611111111111 0.41770833333333335 0.0875 0.05625
2 0.5847222222222223 0.771875 0.15 0.20625