3 0.26180555555555557 0.33229166666666665 0.03194444444444444 0.03958333333333333
3 0.5166666666666667 0.371875 0.058333333333333334 0.052083333333333336
4 0.40625 0.39375 0.06527777777777778 0.07083333333333333
3 0.5736111111111111 0.365625 0.05277777777777778 0.04791666666666667
2 0.04236111111111111 0.5958333333333333 0.0763888888888889 0.09166666666666666
2 0.24027777777777778 0.43020833333333336 0.05555555555555555 0.07291666666666667
2 0.3506944444444444 0.340625 0.05416666666666667 0.06458333333333334
2 0.2986111111111111 0.3 0.044444444444444446 0.05416666666666667
4 0.3951388888888889 0.31666666666666665 0.07916666666666666 0.08333333333333333
3 0.45694444444444443 0.334375 0.044444444444444446 0.03958333333333333
2 0.48333333333333334 0.403125 0.05555555555555555 0.05625
2 0.6458333333333334 0.3645833333333333 0.06111111111111111 0.058333333333333334
3 0.3159722222222222 0.2677083333333333 0.0375 0.03125
3 0.3659722222222222 0.2677083333333333 0.034722222222222224 0.03125
2 0.24305555555555555 0.24375 0.044444444444444446 0.05416666666666667
2 0.21319444444444444 0.2708333333333333 0.034722222222222224 0.0375