3 0.9569444444444445 0.45625 0.08055555555555556 0.1125
2 0.8625 0.32083333333333336 0.10833333333333334 0.058333333333333334
2 0.6326388888888889 0.2916666666666667 0.10694444444444444 0.05416666666666667
2 0.3909722222222222 0.209375 0.04861111111111111 0.04791666666666667
3 0.27152777777777776 0.15729166666666666 0.02361111111111111 0.01875
3 0.4041666666666667 0.3072916666666667 0.06666666666666667 0.06041666666666667
3 0.3284722222222222 0.31145833333333334 0.05416666666666667 0.05625
2 0.2548611111111111 0.32083333333333336 0.04861111111111111 0.05
2 0.29444444444444445 0.2833333333333333 0.044444444444444446 0.05416666666666667
2 0.36319444444444443 0.27395833333333336 0.05138888888888889 0.06041666666666667
3 0.32916666666666666 0.2552083333333333 0.03888888888888889 0.04375
3 0.26805555555555555 0.253125 0.03888888888888889 0.04375
3 0.30416666666666664 0.22395833333333334 0.041666666666666664 0.03958333333333333
2 0.24583333333333332 0.23020833333333332 0.041666666666666664 0.04791666666666667
2 0.2013888888888889 0.25833333333333336 0.03888888888888889 0.05