4 0.6326388888888889 0.9083333333333333 0.20694444444444443 0.18333333333333332
3 0.43680555555555556 0.4479166666666667 0.08472222222222223 0.09166666666666666
3 0.575 0.3645833333333333 0.075 0.058333333333333334
3 0.42916666666666664 0.27291666666666664 0.04722222222222222 0.041666666666666664
3 0.36875 0.22916666666666666 0.04027777777777778 0.0375
2 0.19583333333333333 0.18229166666666666 0.022222222222222223 0.027083333333333334
2 0.2125 0.196875 0.025 0.027083333333333334
2 0.22291666666666668 0.21666666666666667 0.02361111111111111 0.03333333333333333
2 0.24722222222222223 0.22916666666666666 0.027777777777777776 0.0375
2 0.2625 0.25416666666666665 0.03333333333333333 0.041666666666666664
2 0.29375 0.28125 0.05138888888888889 0.0625
2 0.3229166666666667 0.31666666666666665 0.04861111111111111 0.06666666666666667
2 0.3645833333333333 0.35625 0.06805555555555555 0.08333333333333333
2 0.3145833333333333 0.2 0.03194444444444444 0.03333333333333333
2 0.34652777777777777 0.25625 0.04861111111111111 0.04583333333333333
2 0.7875 0.6052083333333333 0.1638888888888889 0.13125
4 0.25 0.15 0.05277777777777778 0.05416666666666667
3 0.20833333333333334 0.15104166666666666 0.030555555555555555 0.03125
2 0.14930555555555555 0.14791666666666667 0.018055555555555554 0.020833333333333332