4 0.3909722222222222 0.31666666666666665 0.13472222222222222 0.08333333333333333
3 0.35 0.3854166666666667 0.08333333333333333 0.06666666666666667
3 0.38333333333333336 0.41041666666666665 0.09166666666666666 0.08333333333333333
3 0.35625 0.5166666666666667 0.11527777777777778 0.10833333333333334
3 0.48125 0.4239583333333333 0.08472222222222223 0.08125
3 0.49583333333333335 0.29791666666666666 0.05277777777777778 0.041666666666666664
3 0.48333333333333334 0.2708333333333333 0.05277777777777778 0.041666666666666664
3 0.8069444444444445 0.26875 0.03333333333333333 0.0375
2 0.041666666666666664 0.5614583333333333 0.08055555555555556 0.10625
2 0.0798611111111111 0.603125 0.1486111111111111 0.13958333333333334
2 0.09722222222222222 0.4666666666666667 0.12222222222222222 0.10416666666666667
2 0.19583333333333333 0.634375 0.16111111111111112 0.16458333333333333
2 0.21944444444444444 0.4510416666666667 0.10555555555555556 0.09375
2 0.24583333333333332 0.496875 0.12777777777777777 0.11875
2 0.4305555555555556 0.328125 0.06666666666666667 0.06041666666666667
2 0.50625 0.33229166666666665 0.06527777777777778 0.07291666666666667
2 0.5319444444444444 0.24270833333333333 0.044444444444444446 0.04791666666666667
2 0.55625 0.259375 0.04583333333333333 0.04375
2 0.5597222222222222 0.2989583333333333 0.04722222222222222 0.052083333333333336
2 0.6097222222222223 0.3145833333333333 0.058333333333333334 0.06666666666666667
2 0.6125 0.26458333333333334 0.044444444444444446 0.04583333333333333
2 0.6506944444444445 0.2375 0.034722222222222224 0.0375
2 0.6027777777777777 0.23645833333333333 0.03333333333333333 0.035416666666666666
2 0.63125 0.21666666666666667 0.029166666666666667 0.03333333333333333
2 0.6541666666666667 0.20104166666666667 0.025 0.03125
2 0.6819444444444445 0.18020833333333333 0.025 0.03125
3 0.5652777777777778 0.22604166666666667 0.025 0.027083333333333334
3 0.7027777777777777 0.16666666666666666 0.019444444444444445 0.020833333333333332
2 0.8027777777777778 0.19375 0.019444444444444445 0.025
2 0.8111111111111111 0.17083333333333334 0.016666666666666666 0.020833333333333332