3 0.0625 0.5552083333333333 0.1111111111111111 0.08541666666666667
3 0.12708333333333333 0.46145833333333336 0.10138888888888889 0.08125
3 0.3423611111111111 0.340625 0.07083333333333333 0.05625
3 0.5152777777777777 0.28958333333333336 0.05277777777777778 0.04583333333333333
3 0.6201388888888889 0.3072916666666667 0.05694444444444444 0.052083333333333336
3 0.5618055555555556 0.26145833333333335 0.04861111111111111 0.03958333333333333
4 0.3638888888888889 0.4239583333333333 0.12777777777777777 0.11041666666666666
2 0.24861111111111112 0.38645833333333335 0.09722222222222222 0.06875
2 0.23055555555555557 0.4427083333333333 0.10555555555555556 0.09791666666666667
2 0.44166666666666665 0.4375 0.09444444444444444 0.09583333333333334
2 0.3736111111111111 0.365625 0.08611111111111111 0.06458333333333334
2 0.45625 0.3229166666666667 0.06527777777777778 0.058333333333333334
2 0.41875 0.30416666666666664 0.059722222222222225 0.05416666666666667
2 0.5368055555555555 0.24270833333333333 0.04861111111111111 0.04375
2 0.5840277777777778 0.21770833333333334 0.04027777777777778 0.035416666666666666
2 0.6111111111111112 0.22708333333333333 0.03888888888888889 0.0375
3 0.47638888888888886 0.27395833333333336 0.05555555555555555 0.03958333333333333
3 0.64375 0.21041666666666667 0.029166666666666667 0.029166666666666667
2 0.6680555555555555 0.19270833333333334 0.027777777777777776 0.027083333333333334
2 0.04097222222222222 0.7479166666666667 0.07916666666666666 0.13333333333333333
2 0.03333333333333333 0.6354166666666666 0.06388888888888888 0.1