3 0.09444444444444444 0.58125 0.1638888888888889 0.14583333333333334
3 0.2263888888888889 0.584375 0.14722222222222223 0.14375
3 0.56875 0.2916666666666667 0.06527777777777778 0.058333333333333334
3 0.75 0.3145833333333333 0.06111111111111111 0.0625
3 0.8395833333333333 0.16666666666666666 0.03194444444444444 0.0375
4 0.9125 0.14479166666666668 0.075 0.14791666666666667
3 0.0763888888888889 0.24479166666666666 0.06388888888888888 0.03958333333333333
3 0.4111111111111111 0.175 0.04722222222222222 0.03333333333333333
3 0.029166666666666667 0.24270833333333333 0.044444444444444446 0.03958333333333333
2 0.21180555555555555 0.175 0.05416666666666667 0.041666666666666664
2 0.38472222222222224 0.359375 0.1 0.09791666666666667
2 0.6895833333333333 0.19479166666666667 0.04861111111111111 0.052083333333333336