3 0.0763888888888889 0.4375 0.11944444444444445 0.0875
3 0.1284722222222222 0.66875 0.19305555555555556 0.175
4 0.34652777777777777 0.49375 0.14027777777777778 0.12916666666666668
4 0.3506944444444444 0.3072916666666667 0.09305555555555556 0.06875
3 0.3701388888888889 0.34270833333333334 0.08472222222222223 0.06458333333333334
3 0.43819444444444444 0.26875 0.06527777777777778 0.05
3 0.5625 0.340625 0.07222222222222222 0.06458333333333334
2 0.5027777777777778 0.26666666666666666 0.075 0.07083333333333333
3 0.25555555555555554 0.346875 0.09722222222222222 0.06458333333333334
3 0.20416666666666666 0.4239583333333333 0.11388888888888889 0.08958333333333333
2 0.2125 0.49270833333333336 0.1361111111111111 0.12291666666666666
2 0.4423611111111111 0.34479166666666666 0.09583333333333334 0.08958333333333333
2 0.48541666666666666 0.3927083333333333 0.10138888888888889 0.10208333333333333
3 0.7722222222222223 0.35104166666666664 0.058333333333333334 0.06041666666666667
3 0.6909722222222222 0.171875 0.03194444444444444 0.027083333333333334
2 0.8729166666666667 0.225 0.0375 0.03333333333333333
2 0.43680555555555556 0.9166666666666666 0.20694444444444443 0.16666666666666666