3 0.575 0.5416666666666666 0.09444444444444444 0.1
3 0.6493055555555556 0.828125 0.15138888888888888 0.19375
3 0.8993055555555556 0.9197916666666667 0.16805555555555557 0.16041666666666668
3 0.6736111111111112 0.5104166666666666 0.1 0.10416666666666667
3 0.5055555555555555 0.35208333333333336 0.05277777777777778 0.058333333333333334
2 0.38819444444444445 0.4125 0.06527777777777778 0.08333333333333333
2 0.5701388888888889 0.40520833333333334 0.0763888888888889 0.09375
2 0.6951388888888889 0.42604166666666665 0.07916666666666666 0.08958333333333333
2 0.8006944444444445 0.5 0.12361111111111112 0.125
2 0.7833333333333333 0.5833333333333334 0.09722222222222222 0.11666666666666667
2 0.7270833333333333 0.7114583333333333 0.14305555555555555 0.16875
2 0.8965277777777778 0.6989583333333333 0.1486111111111111 0.16458333333333333
3 0.9131944444444444 0.6145833333333334 0.12916666666666668 0.1125
2 0.51875 0.2947916666666667 0.05138888888888889 0.04791666666666667
2 0.5618055555555556 0.33125 0.043055555555555555 0.04583333333333333
2 0.6097222222222223 0.3572916666666667 0.06111111111111111 0.06458333333333334