3 0.4361111111111111 0.23333333333333334 0.04722222222222222 0.0375
3 0.12777777777777777 0.28541666666666665 0.07777777777777778 0.05
2 0.23402777777777778 0.28125 0.0625 0.05416666666666667
2 0.26319444444444445 0.30104166666666665 0.08194444444444444 0.06041666666666667
2 0.2986111111111111 0.2375 0.058333333333333334 0.041666666666666664
3 0.3506944444444444 0.2625 0.059722222222222225 0.05
2 0.34305555555555556 0.24375 0.058333333333333334 0.04583333333333333
3 0.9090277777777778 0.5625 0.16527777777777777 0.1
3 0.7881944444444444 0.5916666666666667 0.19305555555555556 0.09166666666666666
4 0.8159722222222222 0.678125 0.27361111111111114 0.13958333333333334
2 0.8159722222222222 0.8333333333333334 0.2513888888888889 0.17083333333333334