3 0.20555555555555555 0.334375 0.08055555555555556 0.06458333333333334
3 0.2743055555555556 0.3375 0.08194444444444444 0.058333333333333334
3 0.37569444444444444 0.28854166666666664 0.0625 0.04791666666666667
3 0.4375 0.25833333333333336 0.06111111111111111 0.041666666666666664
3 0.49444444444444446 0.21354166666666666 0.03333333333333333 0.027083333333333334
3 0.4361111111111111 0.40208333333333335 0.08333333333333333 0.07083333333333333
3 0.5597222222222222 0.3875 0.07222222222222222 0.06666666666666667
3 0.6548611111111111 0.30104166666666665 0.04861111111111111 0.04791666666666667
4 0.8618055555555556 0.91875 0.2763888888888889 0.1625
3 0.049305555555555554 0.6958333333333333 0.09305555555555556 0.125
2 0.3020833333333333 0.2864583333333333 0.06805555555555555 0.04791666666666667
2 0.3715277777777778 0.24791666666666667 0.07083333333333333 0.07083333333333333
2 0.4375 0.23020833333333332 0.05 0.03958333333333333
2 0.5236111111111111 0.21979166666666666 0.044444444444444446 0.03958333333333333
2 0.6020833333333333 0.27395833333333336 0.05138888888888889 0.04791666666666667