3 0.49027777777777776 0.421875 0.11666666666666667 0.06875
3 0.43125 0.25104166666666666 0.05416666666666667 0.04375
3 0.4666666666666667 0.259375 0.058333333333333334 0.04375
4 0.5055555555555555 0.209375 0.07777777777777778 0.06458333333333334
3 0.5993055555555555 0.20520833333333333 0.034722222222222224 0.03125
3 0.6166666666666667 0.175 0.027777777777777776 0.025
2 0.5583333333333333 0.215625 0.044444444444444446 0.04791666666666667
3 0.6402777777777777 0.18541666666666667 0.030555555555555555 0.020833333333333332
3 0.27847222222222223 0.26145833333333335 0.06805555555555555 0.03958333333333333
2 0.8270833333333333 0.93125 0.28194444444444444 0.1375
0 0.09513888888888888 0.29375 0.11805555555555555 0.0875
4 0.6701388888888888 0.12395833333333334 0.0375 0.027083333333333334