2 0.49236111111111114 0.6677083333333333 0.12361111111111112 0.19791666666666666
2 0.6041666666666666 0.2760416666666667 0.058333333333333334 0.04791666666666667
3 0.8583333333333333 0.6625 0.18888888888888888 0.1625
3 0.4708333333333333 0.384375 0.07222222222222222 0.07291666666666667
3 0.25 0.2635416666666667 0.03611111111111111 0.04791666666666667
3 0.30625 0.24791666666666667 0.034722222222222224 0.03333333333333333
3 0.46319444444444446 0.23125 0.0375 0.0375
3 0.41388888888888886 0.16458333333333333 0.022222222222222223 0.016666666666666666
3 0.31319444444444444 0.17708333333333334 0.02638888888888889 0.025
3 0.23402777777777778 0.20104166666666667 0.02638888888888889 0.022916666666666665
3 0.22916666666666666 0.16145833333333334 0.025 0.01875