3 0.14305555555555555 0.24375 0.030555555555555555 0.025
3 0.20902777777777778 0.31875 0.04861111111111111 0.041666666666666664
3 0.3701388888888889 0.35104166666666664 0.07361111111111111 0.052083333333333336
3 0.4777777777777778 0.4791666666666667 0.11388888888888889 0.09166666666666666
3 0.6354166666666666 0.48125 0.10972222222222222 0.08333333333333333
3 0.6951388888888889 0.7427083333333333 0.17083333333333334 0.19791666666666666
3 0.8472222222222222 0.6885416666666667 0.19444444444444445 0.15625
2 0.17222222222222222 0.25833333333333336 0.03333333333333333 0.03333333333333333
2 0.20416666666666666 0.27291666666666664 0.03611111111111111 0.0375
2 0.3020833333333333 0.315625 0.05694444444444444 0.052083333333333336
2 0.4951388888888889 0.40729166666666666 0.09027777777777778 0.08125
2 0.8541666666666666 0.578125 0.20555555555555555 0.16875
2 0.6236111111111111 0.55625 0.14166666666666666 0.125
2 0.26805555555555555 0.3489583333333333 0.06944444444444445 0.06041666666666667
2 0.36944444444444446 0.403125 0.08888888888888889 0.07708333333333334