3 0.36527777777777776 0.26875 0.044444444444444446 0.0375
3 0.5194444444444445 0.321875 0.06666666666666667 0.052083333333333336
3 0.5291666666666667 0.3958333333333333 0.08333333333333333 0.0625
2 0.13819444444444445 0.24479166666666666 0.03194444444444444 0.04375
2 0.24861111111111112 0.17604166666666668 0.030555555555555555 0.03125
3 0.2798611111111111 0.175 0.02361111111111111 0.020833333333333332
3 0.12222222222222222 0.19270833333333334 0.022222222222222223 0.022916666666666665
4 0.35347222222222224 0.21770833333333334 0.04583333333333333 0.03958333333333333
2 0.4673611111111111 0.471875 0.09027777777777778 0.10208333333333333
2 0.8763888888888889 0.371875 0.10277777777777777 0.06458333333333334
4 0.22847222222222222 0.128125 0.043055555555555555 0.052083333333333336
3 0.20694444444444443 0.15208333333333332 0.016666666666666666 0.0125
2 0.18819444444444444 0.13541666666666666 0.015277777777777777 0.016666666666666666