0 0.3 0.32916666666666666 0.07777777777777778 0.17083333333333334
4 0.41388888888888886 0.3072916666666667 0.10555555555555556 0.11875
4 0.2111111111111111 0.17083333333333334 0.04722222222222222 0.06666666666666667
3 0.3145833333333333 0.18229166666666666 0.034722222222222224 0.03958333333333333
3 0.4625 0.21458333333333332 0.03888888888888889 0.041666666666666664
3 0.7638888888888888 0.30416666666666664 0.075 0.04583333333333333
2 0.8590277777777777 0.303125 0.08194444444444444 0.06458333333333334
3 0.9173611111111111 0.328125 0.0625 0.04791666666666667
3 0.32569444444444445 0.15520833333333334 0.02361111111111111 0.01875
3 0.3451388888888889 0.140625 0.02638888888888889 0.022916666666666665
3 0.30069444444444443 0.11770833333333333 0.02361111111111111 0.022916666666666665
3 0.21875 0.08020833333333334 0.018055555555555554 0.01875
3 0.5493055555555556 0.12083333333333333 0.04027777777777778 0.025