3 0.42986111111111114 0.18645833333333334 0.04027777777777778 0.03125
3 0.5680555555555555 0.45729166666666665 0.10833333333333334 0.09791666666666667
3 0.5048611111111111 0.32708333333333334 0.07916666666666666 0.06666666666666667
3 0.6 0.3958333333333333 0.09722222222222222 0.08333333333333333
3 0.6847222222222222 0.275 0.06944444444444445 0.04583333333333333
3 0.7451388888888889 0.5864583333333333 0.1625 0.14375
3 0.7631944444444444 0.49166666666666664 0.12916666666666668 0.10833333333333334
3 0.9479166666666666 0.6083333333333333 0.08472222222222223 0.09583333333333334
3 0.8798611111111111 0.9041666666666667 0.20694444444444443 0.19166666666666668
2 0.4201388888888889 0.278125 0.0625 0.05625
3 0.3548611111111111 0.3614583333333333 0.059722222222222225 0.07291666666666667
2 0.44583333333333336 0.35208333333333336 0.08055555555555556 0.07916666666666666
2 0.5090277777777777 0.5041666666666667 0.12638888888888888 0.12916666666666668
2 0.8645833333333334 0.46145833333333336 0.13194444444444445 0.11458333333333333