3 0.12222222222222222 0.4635416666666667 0.11388888888888889 0.09375
3 0.6555555555555556 0.384375 0.06111111111111111 0.06041666666666667
3 0.7013888888888888 0.49583333333333335 0.07777777777777778 0.09166666666666666
2 0.18194444444444444 0.471875 0.12777777777777777 0.11041666666666666
2 0.35555555555555557 0.33229166666666665 0.075 0.06458333333333334
2 0.5298611111111111 0.27395833333333336 0.05138888888888889 0.052083333333333336
2 0.56875 0.22083333333333333 0.0375 0.0375
3 0.49375 0.265625 0.04583333333333333 0.03958333333333333
2 0.4423611111111111 0.625 0.12083333333333333 0.12083333333333333
2 0.64375 0.20729166666666668 0.029166666666666667 0.03125
2 0.7979166666666667 0.20520833333333333 0.020833333333333332 0.03125
2 0.7451388888888889 0.2791666666666667 0.04027777777777778 0.04583333333333333
2 0.8 0.315625 0.04722222222222222 0.052083333333333336
2 0.6763888888888889 0.15833333333333333 0.022222222222222223 0.025
3 0.69375 0.17395833333333333 0.020833333333333332 0.01875
3 0.7138888888888889 0.159375 0.016666666666666666 0.01875
3 0.7472222222222222 0.15729166666666666 0.016666666666666666 0.01875