4 0.16666666666666666 0.44375 0.32222222222222224 0.15
3 0.32222222222222224 0.25 0.03611111111111111 0.05
3 0.36180555555555555 0.32083333333333336 0.059722222222222225 0.06666666666666667
2 0.2923611111111111 0.18020833333333333 0.02638888888888889 0.035416666666666666
2 0.30625 0.20729166666666668 0.03194444444444444 0.04375
2 0.38680555555555557 0.253125 0.043055555555555555 0.05625
4 0.56875 0.22291666666666668 0.05416666666666667 0.058333333333333334
2 0.34305555555555556 0.19270833333333334 0.027777777777777776 0.03125
2 0.3638888888888889 0.21979166666666666 0.03333333333333333 0.03958333333333333
2 0.9034722222222222 0.4583333333333333 0.11527777777777778 0.0875
2 0.9201388888888888 0.409375 0.10694444444444444 0.07708333333333334
3 0.9520833333333333 0.29791666666666666 0.0763888888888889 0.041666666666666664
3 0.5347222222222222 0.178125 0.03333333333333333 0.03125