3 0.18819444444444444 0.40208333333333335 0.05138888888888889 0.075
3 0.37916666666666665 0.390625 0.06666666666666667 0.07291666666666667
3 0.2326388888888889 0.23541666666666666 0.029166666666666667 0.03333333333333333
3 0.13125 0.234375 0.02638888888888889 0.035416666666666666
3 0.9611111111111111 0.7260416666666667 0.07222222222222222 0.18125
3 0.10902777777777778 0.17708333333333334 0.018055555555555554 0.020833333333333332
3 0.11944444444444445 0.19375 0.019444444444444445 0.020833333333333332
2 0.12986111111111112 0.1625 0.018055555555555554 0.020833333333333332
2 0.16875 0.16770833333333332 0.018055555555555554 0.027083333333333334
2 0.18819444444444444 0.178125 0.02638888888888889 0.027083333333333334
2 0.20416666666666666 0.20104166666666667 0.025 0.03125
2 0.25277777777777777 0.25625 0.03611111111111111 0.041666666666666664
3 0.2791666666666667 0.27708333333333335 0.03611111111111111 0.029166666666666667
2 0.29097222222222224 0.3072916666666667 0.043055555555555555 0.05625
2 0.3333333333333333 0.3375 0.05277777777777778 0.06666666666666667