3 0.8923611111111112 0.36770833333333336 0.07916666666666666 0.06041666666666667
3 0.7076388888888889 0.31354166666666666 0.0375 0.04375
3 0.5458333333333333 0.22291666666666668 0.041666666666666664 0.041666666666666664
4 0.49166666666666664 0.23229166666666667 0.05555555555555555 0.06458333333333334
3 0.5277777777777778 0.19375 0.03333333333333333 0.03333333333333333
3 0.4673611111111111 0.184375 0.02638888888888889 0.035416666666666666
2 0.37916666666666665 0.246875 0.041666666666666664 0.05625
2 0.43819444444444444 0.23125 0.0375 0.05
2 0.525 0.48333333333333334 0.14166666666666666 0.10416666666666667
3 0.4236111111111111 0.19375 0.03333333333333333 0.029166666666666667
2 0.3701388888888889 0.209375 0.03194444444444444 0.03958333333333333
2 0.4111111111111111 0.16145833333333334 0.030555555555555555 0.03958333333333333
2 0.09444444444444444 0.596875 0.18333333333333332 0.13541666666666666
2 0.9347222222222222 0.9052083333333333 0.11666666666666667 0.18958333333333333
3 0.9631944444444445 0.3385416666666667 0.059722222222222225 0.06041666666666667