4 0.5736111111111111 0.3614583333333333 0.11388888888888889 0.12708333333333333
2 0.48680555555555555 0.39166666666666666 0.07916666666666666 0.10833333333333334
2 0.5888888888888889 0.25729166666666664 0.058333333333333334 0.04791666666666667
2 0.6368055555555555 0.24895833333333334 0.043055555555555555 0.04375
4 0.6451388888888889 0.178125 0.08472222222222223 0.04375
4 0.27152777777777776 0.16354166666666667 0.0375 0.05625
3 0.33819444444444446 0.21145833333333333 0.029166666666666667 0.027083333333333334
3 0.3715277777777778 0.18854166666666666 0.029166666666666667 0.027083333333333334
3 0.46458333333333335 0.1875 0.029166666666666667 0.025
3 0.4930555555555556 0.17604166666666668 0.025 0.027083333333333334
3 0.3680555555555556 0.13333333333333333 0.016666666666666666 0.016666666666666666
4 0.5027777777777778 0.15208333333333332 0.04722222222222222 0.020833333333333332