3 0.32708333333333334 0.25729166666666664 0.04027777777777778 0.052083333333333336
3 0.5888888888888889 0.23958333333333334 0.04722222222222222 0.041666666666666664
3 0.9375 0.47708333333333336 0.11388888888888889 0.09166666666666666
2 0.3236111111111111 0.15 0.025 0.0375
2 0.2902777777777778 0.15520833333333334 0.025 0.035416666666666666
2 0.39166666666666666 0.23958333333333334 0.04722222222222222 0.058333333333333334
2 0.43472222222222223 0.29791666666666666 0.058333333333333334 0.07083333333333333
2 0.5201388888888889 0.190625 0.04027777777777778 0.03958333333333333
2 0.48680555555555555 0.134375 0.029166666666666667 0.03125
3 0.29791666666666666 0.19583333333333333 0.03194444444444444 0.041666666666666664
3 0.3173611111111111 0.21979166666666666 0.034722222222222224 0.035416666666666666
3 0.35208333333333336 0.190625 0.03194444444444444 0.03125
3 0.33611111111111114 0.17083333333333334 0.022222222222222223 0.025
3 0.5326388888888889 0.16875 0.034722222222222224 0.029166666666666667
3 0.41180555555555554 0.10625 0.020833333333333332 0.020833333333333332
2 0.7069444444444445 0.26666666666666666 0.08055555555555556 0.058333333333333334