4 0.8458333333333333 0.6260416666666667 0.10833333333333334 0.18958333333333333
3 0.3548611111111111 0.18333333333333332 0.02638888888888889 0.03333333333333333
2 0.3784722222222222 0.27291666666666664 0.043055555555555555 0.06666666666666667
2 0.4826388888888889 0.21875 0.04027777777777778 0.05416666666666667
2 0.5111111111111111 0.18020833333333333 0.03333333333333333 0.04375
3 0.54375 0.221875 0.034722222222222224 0.04375
2 0.45902777777777776 0.17604166666666668 0.034722222222222224 0.03958333333333333
0 0.26875 0.36875 0.2263888888888889 0.19583333333333333
0 0.48333333333333334 0.40729166666666666 0.24166666666666667 0.19375
2 0.9208333333333333 0.38645833333333335 0.06666666666666667 0.07708333333333334
3 0.4354166666666667 0.14895833333333333 0.020833333333333332 0.027083333333333334
2 0.4576388888888889 0.11354166666666667 0.020833333333333332 0.027083333333333334
3 0.42430555555555555 0.11979166666666667 0.020833333333333332 0.022916666666666665
4 0.38472222222222224 0.11458333333333333 0.030555555555555555 0.05
0 0.42777777777777776 0.2125 0.058333333333333334 0.10833333333333334