3 0.41388888888888886 0.4041666666666667 0.06944444444444445 0.09166666666666666
3 0.5638888888888889 0.6583333333333333 0.1361111111111111 0.18333333333333332
3 0.6486111111111111 0.240625 0.05277777777777778 0.03958333333333333
3 0.5930555555555556 0.24270833333333333 0.05 0.04375
2 0.31875 0.22604166666666667 0.04027777777777778 0.052083333333333336
2 0.5215277777777778 0.15729166666666666 0.03194444444444444 0.03125
2 0.5138888888888888 0.18333333333333332 0.03611111111111111 0.03333333333333333
2 0.5875 0.19895833333333332 0.041666666666666664 0.03958333333333333
2 0.70625 0.18541666666666667 0.04861111111111111 0.041666666666666664
2 0.6243055555555556 0.521875 0.11805555555555555 0.13125
2 0.7854166666666667 0.3697916666666667 0.10694444444444444 0.08125
2 0.8923611111111112 0.39166666666666666 0.10416666666666667 0.07916666666666666
2 0.9333333333333333 0.2875 0.08611111111111111 0.05