4 0.6305555555555555 0.4583333333333333 0.08888888888888889 0.08333333333333333
3 0.55625 0.40208333333333335 0.06805555555555555 0.07083333333333333
3 0.9548611111111112 0.6541666666666667 0.07083333333333333 0.09166666666666666
2 0.3701388888888889 0.3854166666666667 0.05416666666666667 0.07083333333333333
2 0.3972222222222222 0.24583333333333332 0.03611111111111111 0.04583333333333333
2 0.4305555555555556 0.27291666666666664 0.041666666666666664 0.05
2 0.49027777777777776 0.278125 0.044444444444444446 0.04791666666666667
2 0.5215277777777778 0.30416666666666664 0.043055555555555555 0.041666666666666664
2 0.5645833333333333 0.33125 0.0625 0.0625
2 0.6347222222222222 0.378125 0.07222222222222222 0.07291666666666667
2 0.4625 0.30833333333333335 0.05277777777777778 0.05416666666666667
2 0.5118055555555555 0.35104166666666664 0.06527777777777778 0.07708333333333334
2 0.5277777777777778 0.46145833333333336 0.09722222222222222 0.11875
2 0.7131944444444445 0.446875 0.0875 0.08541666666666667
2 0.7152777777777778 0.5322916666666667 0.10277777777777777 0.11041666666666666
2 0.8326388888888889 0.5364583333333334 0.12083333333333333 0.12291666666666666
2 0.8270833333333333 0.6416666666666667 0.13194444444444445 0.15416666666666667
2 0.7916666666666666 0.7697916666666667 0.16666666666666666 0.19375