3 0.7965277777777777 0.121875 0.02638888888888889 0.022916666666666665
4 0.75 0.14375 0.03611111111111111 0.0375
3 0.85 0.34375 0.12222222222222222 0.07083333333333333
3 0.9201388888888888 0.41875 0.14027777777777778 0.07916666666666666
2 0.07291666666666667 0.29270833333333335 0.11527777777777778 0.06458333333333334
2 0.21944444444444444 0.31666666666666665 0.11944444444444445 0.07083333333333333
2 0.5236111111111111 0.24270833333333333 0.09722222222222222 0.05625
2 0.5659722222222222 0.190625 0.0625 0.052083333333333336
2 0.6159722222222223 0.14479166666666668 0.043055555555555555 0.03958333333333333
2 0.6881944444444444 0.13645833333333332 0.04583333333333333 0.03958333333333333
2 0.7090277777777778 0.2125 0.05416666666666667 0.04583333333333333