4 0.38472222222222224 0.45208333333333334 0.35555555555555557 0.25416666666666665
3 0.5604166666666667 0.6760416666666667 0.19027777777777777 0.13958333333333334
3 0.9604166666666667 0.39791666666666664 0.0625 0.058333333333333334
3 0.5597222222222222 0.23125 0.03888888888888889 0.0375
4 0.5416666666666666 0.18333333333333332 0.05 0.0625
3 0.37083333333333335 0.24791666666666667 0.041666666666666664 0.04583333333333333
3 0.9604166666666667 0.25104166666666666 0.059722222222222225 0.03958333333333333
2 0.08611111111111111 0.840625 0.16944444444444445 0.17291666666666666
2 0.8493055555555555 0.30416666666666664 0.07916666666666666 0.0625
2 0.36875 0.20104166666666667 0.0375 0.04791666666666667
2 0.44027777777777777 0.225 0.03888888888888889 0.05416666666666667
2 0.49722222222222223 0.221875 0.03888888888888889 0.04791666666666667
4 0.41180555555555554 0.14791666666666667 0.04583333333333333 0.0625
2 0.3638888888888889 0.14583333333333334 0.027777777777777776 0.03333333333333333