3 0.20625 0.5583333333333333 0.08472222222222223 0.12916666666666668
3 0.2791666666666667 0.2760416666666667 0.06388888888888888 0.04375
3 0.3993055555555556 0.25104166666666666 0.06527777777777778 0.04375
4 0.42569444444444443 0.203125 0.09583333333333334 0.06041666666666667
3 0.7569444444444444 0.80625 0.22777777777777777 0.17083333333333334
2 0.12777777777777777 0.2864583333333333 0.09444444444444444 0.06041666666666667
2 0.3236111111111111 0.27708333333333335 0.075 0.05416666666666667
2 0.45555555555555555 0.22395833333333334 0.05277777777777778 0.04375
2 0.8701388888888889 0.540625 0.16805555555555557 0.09375
2 0.7819444444444444 0.5864583333333333 0.18055555555555555 0.10208333333333333
2 0.8416666666666667 0.696875 0.24722222222222223 0.12708333333333333