3 0.21666666666666667 0.8385416666666666 0.2611111111111111 0.19375
3 0.4263888888888889 0.5677083333333334 0.18333333333333332 0.10625
2 0.3013888888888889 0.371875 0.10833333333333334 0.08125
4 0.7354166666666667 0.6666666666666666 0.5125 0.3416666666666667
3 0.41597222222222224 0.3385416666666667 0.07916666666666666 0.05625
3 0.4666666666666667 0.36875 0.06666666666666667 0.0625
2 0.5430555555555555 0.31666666666666665 0.06666666666666667 0.07083333333333333
4 0.5479166666666667 0.37395833333333334 0.09305555555555556 0.08541666666666667
2 0.6194444444444445 0.3125 0.06111111111111111 0.0625
0 0.5416666666666666 0.25625 0.11666666666666667 0.1125
0 0.6270833333333333 0.24375 0.10416666666666667 0.09583333333333334
3 0.6770833333333334 0.265625 0.04583333333333333 0.04791666666666667
3 0.7659722222222223 0.2 0.03194444444444444 0.03333333333333333
3 0.7645833333333333 0.16666666666666666 0.03194444444444444 0.029166666666666667
3 0.7472222222222222 0.16666666666666666 0.025 0.029166666666666667