4 0.4152777777777778 0.55625 0.14722222222222223 0.19583333333333333
3 0.46111111111111114 0.46145833333333336 0.10555555555555556 0.08125
3 0.6361111111111111 0.39375 0.12222222222222222 0.07916666666666666
2 0.9041666666666667 0.44375 0.14722222222222223 0.09166666666666666
3 0.23333333333333334 0.296875 0.05 0.052083333333333336
2 0.2965277777777778 0.225 0.04027777777777778 0.041666666666666664
2 0.23402777777777778 0.21770833333333334 0.0375 0.04375
3 0.24513888888888888 0.18645833333333334 0.029166666666666667 0.027083333333333334
2 0.20625 0.18541666666666667 0.03194444444444444 0.04583333333333333
3 0.17847222222222223 0.225 0.034722222222222224 0.041666666666666664
3 0.18125 0.16875 0.020833333333333332 0.025
3 0.1597222222222222 0.19583333333333333 0.025 0.025
3 0.2076388888888889 0.15625 0.02361111111111111 0.025
3 0.14444444444444443 0.171875 0.025 0.03125