2 0.37430555555555556 0.5510416666666667 0.1736111111111111 0.12708333333333333
2 0.6215277777777778 0.55 0.2013888888888889 0.15833333333333333
2 0.8798611111111111 0.38125 0.09583333333333334 0.08333333333333333
3 0.9472222222222222 0.43645833333333334 0.08333333333333333 0.06875
3 0.6215277777777778 0.6791666666666667 0.18194444444444444 0.125
3 0.13333333333333333 0.484375 0.10833333333333334 0.08958333333333333
3 0.9222222222222223 0.290625 0.06388888888888888 0.04791666666666667
3 0.9708333333333333 0.35 0.04722222222222222 0.0625
3 0.34930555555555554 0.28541666666666665 0.04861111111111111 0.05
3 0.39375 0.2635416666666667 0.04861111111111111 0.052083333333333336
3 0.3548611111111111 0.22708333333333333 0.04027777777777778 0.0375
3 0.3055555555555556 0.24375 0.03611111111111111 0.05416666666666667
3 0.2833333333333333 0.21875 0.030555555555555555 0.0375
3 0.4166666666666667 0.19270833333333334 0.03611111111111111 0.03125
3 0.36944444444444446 0.15833333333333333 0.030555555555555555 0.025
3 0.3423611111111111 0.14479166666666668 0.018055555555555554 0.01875
3 0.41180555555555554 0.14895833333333333 0.03194444444444444 0.027083333333333334