3 0.9458333333333333 0.5322916666666667 0.09166666666666666 0.08541666666666667
3 0.9125 0.2875 0.06944444444444445 0.05
2 0.17708333333333334 0.18541666666666667 0.03194444444444444 0.03333333333333333
2 0.20416666666666666 0.21666666666666667 0.03888888888888889 0.041666666666666664
2 0.25555555555555554 0.2864583333333333 0.05 0.05625
2 0.25625 0.4197916666666667 0.07361111111111111 0.09791666666666667
2 0.42569444444444443 0.23125 0.04861111111111111 0.0375
2 0.6166666666666667 0.2875 0.06944444444444445 0.04583333333333333
2 0.6666666666666666 0.365625 0.09722222222222222 0.06875
2 0.58125 0.625 0.16805555555555557 0.2
3 0.1375 0.21458333333333332 0.030555555555555555 0.029166666666666667
2 0.16875 0.271875 0.04027777777777778 0.04791666666666667