4 0.6729166666666667 0.203125 0.08194444444444444 0.08125
4 0.4395833333333333 0.22291666666666668 0.06805555555555555 0.10833333333333334
3 0.12361111111111112 0.5927083333333333 0.19444444444444445 0.11041666666666666
2 0.9361111111111111 0.515625 0.11388888888888889 0.09791666666666667
2 0.9104166666666667 0.40208333333333335 0.0875 0.07083333333333333
2 0.9527777777777777 0.24895833333333334 0.075 0.07291666666666667
2 0.7368055555555556 0.33125 0.06805555555555555 0.06666666666666667
2 0.31666666666666665 0.37395833333333334 0.09166666666666666 0.08958333333333333
2 0.38263888888888886 0.26458333333333334 0.0375 0.0625
2 0.5215277777777778 0.25833333333333336 0.05138888888888889 0.0625
2 0.4861111111111111 0.209375 0.030555555555555555 0.03958333333333333
2 0.5708333333333333 0.165625 0.03333333333333333 0.035416666666666666
2 0.36736111111111114 0.209375 0.0375 0.04791666666666667
4 0.4083333333333333 0.13958333333333334 0.044444444444444446 0.075
2 0.3597222222222222 0.16666666666666666 0.027777777777777776 0.03333333333333333
2 0.35347222222222224 0.14479166666666668 0.029166666666666667 0.03125
2 0.4618055555555556 0.17395833333333333 0.034722222222222224 0.035416666666666666
0 0.5173611111111112 0.08333333333333333 0.0375 0.041666666666666664
3 0.4875 0.09791666666666667 0.019444444444444445 0.016666666666666666