4 0.6194444444444445 0.5114583333333333 0.19722222222222222 0.19791666666666666
3 0.34791666666666665 0.21666666666666667 0.043055555555555555 0.04583333333333333
3 0.3951388888888889 0.32916666666666666 0.08194444444444444 0.08333333333333333
3 0.46597222222222223 0.2916666666666667 0.09027777777777778 0.075
3 0.5284722222222222 0.265625 0.08194444444444444 0.06875
3 0.7805555555555556 0.41770833333333335 0.14722222222222223 0.11875
3 0.8138888888888889 0.5427083333333333 0.18333333333333332 0.14791666666666667
2 0.2423611111111111 0.17083333333333334 0.0875 0.10833333333333334
2 0.3090277777777778 0.23645833333333333 0.059722222222222225 0.06458333333333334
2 0.34305555555555556 0.159375 0.04722222222222222 0.04375
2 0.39166666666666666 0.240625 0.06111111111111111 0.06875
2 0.5986111111111111 0.3770833333333333 0.11388888888888889 0.1125
2 0.10972222222222222 0.8229166666666666 0.19722222222222222 0.275
2 0.4979166666666667 0.13958333333333334 0.0625 0.0375