3 0.2 0.228125 0.05277777777777778 0.035416666666666666
3 0.5166666666666667 0.19270833333333334 0.03888888888888889 0.035416666666666666
3 0.38680555555555557 0.31354166666666666 0.10416666666666667 0.06041666666666667
3 0.9368055555555556 0.7614583333333333 0.10694444444444444 0.13125
2 0.32916666666666666 0.2 0.06666666666666667 0.041666666666666664
2 0.43819444444444444 0.17291666666666666 0.05694444444444444 0.0625
2 0.4840277777777778 0.17916666666666667 0.04027777777777778 0.041666666666666664
3 0.5215277777777778 0.15520833333333334 0.034722222222222224 0.035416666666666666
2 0.5451388888888888 0.17291666666666666 0.034722222222222224 0.0375
2 0.5520833333333334 0.1375 0.034722222222222224 0.0375
3 0.5770833333333333 0.13020833333333334 0.018055555555555554 0.022916666666666665
3 0.5909722222222222 0.12083333333333333 0.018055555555555554 0.020833333333333332
4 0.9159722222222222 0.14166666666666666 0.11527777777777778 0.0625
3 0.3472222222222222 0.14270833333333333 0.06944444444444445 0.03958333333333333