3 0.30069444444444443 0.35104166666666664 0.07083333333333333 0.07708333333333334
3 0.33611111111111114 0.28020833333333334 0.05277777777777778 0.052083333333333336
3 0.20555555555555555 0.16979166666666667 0.030555555555555555 0.027083333333333334
3 0.2076388888888889 0.1375 0.020833333333333332 0.020833333333333332
2 0.14166666666666666 0.15729166666666666 0.022222222222222223 0.027083333333333334
2 0.16527777777777777 0.1375 0.025 0.025
2 0.20208333333333334 0.22395833333333334 0.04027777777777778 0.04375
2 0.28402777777777777 0.22708333333333333 0.04583333333333333 0.05
2 0.34097222222222223 0.14895833333333333 0.034722222222222224 0.027083333333333334
2 0.6243055555555556 0.521875 0.14027777777777778 0.14791666666666667
2 0.8208333333333333 0.8760416666666667 0.275 0.24791666666666667