4 0.4111111111111111 0.278125 0.30833333333333335 0.24791666666666667
4 0.7694444444444445 0.746875 0.44722222222222224 0.50625
3 0.1986111111111111 0.2520833333333333 0.05555555555555555 0.05
3 0.18333333333333332 0.19166666666666668 0.044444444444444446 0.0375
3 0.15555555555555556 0.22291666666666668 0.041666666666666664 0.04583333333333333
3 0.35 0.33958333333333335 0.08611111111111111 0.075
3 0.9569444444444445 0.540625 0.075 0.09791666666666667
2 0.06458333333333334 0.159375 0.029166666666666667 0.035416666666666666
2 0.09166666666666666 0.18333333333333332 0.03333333333333333 0.0375
2 0.14305555555555555 0.17291666666666666 0.03333333333333333 0.0375
2 0.26875 0.284375 0.07361111111111111 0.07708333333333334
2 0.27569444444444446 0.37083333333333335 0.09583333333333334 0.10416666666666667
2 0.4652777777777778 0.41041666666666665 0.11388888888888889 0.1125
2 0.4736111111111111 0.55 0.1527777777777778 0.1625
2 0.6215277777777778 0.409375 0.10416666666666667 0.08125
3 0.8645833333333334 0.546875 0.1763888888888889 0.12291666666666666
0 0.8756944444444444 0.65 0.24583333333333332 0.2708333333333333
3 0.11805555555555555 0.20416666666666666 0.03333333333333333 0.0375
3 0.1701388888888889 0.13125 0.03194444444444444 0.025