3 0.49722222222222223 0.284375 0.06111111111111111 0.04375
3 0.5972222222222222 0.2375 0.044444444444444446 0.0375
2 0.17430555555555555 0.33229166666666665 0.08472222222222223 0.06458333333333334
2 0.33402777777777776 0.42916666666666664 0.12916666666666668 0.0875
2 0.54375 0.61875 0.2013888888888889 0.13333333333333333
3 0.8784722222222222 0.5427083333333333 0.14027777777777778 0.08541666666666667
2 0.37777777777777777 0.26666666666666666 0.06388888888888888 0.05416666666666667
2 0.4513888888888889 0.2677083333333333 0.058333333333333334 0.052083333333333336
2 0.55 0.25104166666666666 0.05277777777777778 0.04791666666666667
2 0.6076388888888888 0.18125 0.03194444444444444 0.029166666666666667
3 0.4513888888888889 0.24479166666666666 0.05277777777777778 0.035416666666666666
3 0.5006944444444444 0.24583333333333332 0.04027777777777778 0.0375