4 0.2465277777777778 0.40520833333333334 0.08194444444444444 0.08125
3 0.15763888888888888 0.25104166666666666 0.029166666666666667 0.027083333333333334
3 0.21458333333333332 0.28020833333333334 0.0375 0.035416666666666666
3 0.33125 0.46979166666666666 0.09027777777777778 0.07708333333333334
3 0.4479166666666667 0.559375 0.12361111111111112 0.11041666666666666
3 0.6263888888888889 0.4791666666666667 0.12222222222222222 0.0875
3 0.7520833333333333 0.5520833333333334 0.10138888888888889 0.10416666666666667
3 0.9520833333333333 0.6416666666666667 0.08194444444444444 0.10833333333333334
2 0.2534722222222222 0.3 0.04861111111111111 0.041666666666666664
2 0.3090277777777778 0.3229166666666667 0.059722222222222225 0.058333333333333334
2 0.3923611111111111 0.36041666666666666 0.0763888888888889 0.058333333333333334
2 0.49027777777777776 0.41041666666666665 0.1 0.07916666666666666
2 0.37569444444444444 0.40729166666666666 0.09027777777777778 0.08125
2 0.49375 0.48125 0.12083333333333333 0.09583333333333334
2 0.6548611111111111 0.56875 0.1625 0.13333333333333333
2 0.18680555555555556 0.3489583333333333 0.06527777777777778 0.07708333333333334
2 0.6333333333333333 0.6760416666666667 0.18333333333333332 0.18125
3 0.14791666666666667 0.32395833333333335 0.03194444444444444 0.052083333333333336