3 0.20902777777777778 0.340625 0.09305555555555556 0.07291666666666667
3 0.4673611111111111 0.2916666666666667 0.0625 0.05416666666666667
3 0.49236111111111114 0.21666666666666667 0.04861111111111111 0.041666666666666664
2 0.035416666666666666 0.3854166666666667 0.059722222222222225 0.0875
2 0.3645833333333333 0.4895833333333333 0.1125 0.10416666666666667
2 0.3506944444444444 0.3885416666666667 0.09027777777777778 0.08541666666666667
2 0.3076388888888889 0.24270833333333333 0.06527777777777778 0.05625
2 0.3958333333333333 0.225 0.06111111111111111 0.0625
2 0.45208333333333334 0.175 0.043055555555555555 0.0375
2 0.4986111111111111 0.171875 0.044444444444444446 0.04375
2 0.575 0.19375 0.041666666666666664 0.041666666666666664
2 0.6319444444444444 0.14166666666666666 0.027777777777777776 0.029166666666666667
2 0.6743055555555556 0.14791666666666667 0.03194444444444444 0.03333333333333333
2 0.5451388888888888 0.14583333333333334 0.0375 0.03333333333333333
2 0.5833333333333334 0.125 0.030555555555555555 0.029166666666666667
2 0.5097222222222222 0.140625 0.030555555555555555 0.027083333333333334