3 0.06319444444444444 0.6489583333333333 0.12083333333333333 0.16458333333333333
3 0.5840277777777778 0.25625 0.0625 0.058333333333333334
2 0.12708333333333333 0.39375 0.14027777777777778 0.11666666666666667
4 0.17569444444444443 0.234375 0.09027777777777778 0.06875
3 0.27708333333333335 0.20833333333333334 0.08472222222222223 0.04583333333333333
0 0.3277777777777778 0.40729166666666666 0.28055555555555556 0.28125
2 0.5166666666666667 0.3020833333333333 0.08888888888888889 0.07916666666666666
2 0.6576388888888889 0.21458333333333332 0.05138888888888889 0.05416666666666667
0 0.7013888888888888 0.165625 0.06944444444444445 0.08541666666666667
0 0.7472222222222222 0.13125 0.06666666666666667 0.07916666666666666
0 0.7826388888888889 0.08645833333333333 0.04861111111111111 0.06458333333333334
2 0.79375 0.10729166666666666 0.02638888888888889 0.027083333333333334