3 0.2375 0.49166666666666664 0.13055555555555556 0.0875
3 0.50625 0.28541666666666665 0.05694444444444444 0.04583333333333333
3 0.6548611111111111 0.29583333333333334 0.04861111111111111 0.04583333333333333
2 0.3958333333333333 0.475 0.12777777777777777 0.10416666666666667
2 0.39652777777777776 0.29375 0.07083333333333333 0.058333333333333334
2 0.5395833333333333 0.3145833333333333 0.059722222222222225 0.05416666666666667
2 0.6395833333333333 0.25729166666666664 0.04027777777777778 0.035416666666666666
3 0.5645833333333333 0.25416666666666665 0.05138888888888889 0.041666666666666664
3 0.6083333333333333 0.23229166666666667 0.03611111111111111 0.03958333333333333
4 0.68125 0.17604166666666668 0.0875 0.09375
2 0.5243055555555556 0.24166666666666667 0.05416666666666667 0.041666666666666664
2 0.525 0.215625 0.05277777777777778 0.035416666666666666