2 0.91875 0.9072916666666667 0.15138888888888888 0.18541666666666667
2 0.42083333333333334 0.29375 0.06666666666666667 0.09166666666666666
3 0.45902777777777776 0.25625 0.043055555555555555 0.05416666666666667
3 0.35138888888888886 0.22395833333333334 0.03333333333333333 0.04375
3 0.39305555555555555 0.19583333333333333 0.03333333333333333 0.0375
3 0.4597222222222222 0.18229166666666666 0.030555555555555555 0.027083333333333334
3 0.3145833333333333 0.17395833333333333 0.02638888888888889 0.03125
3 0.35208333333333336 0.16458333333333333 0.020833333333333332 0.029166666666666667
3 0.41875 0.16041666666666668 0.02361111111111111 0.020833333333333332
3 0.5104166666666666 0.18541666666666667 0.029166666666666667 0.025
4 0.6451388888888889 0.18020833333333333 0.08194444444444444 0.04791666666666667