3 0.8784722222222222 0.921875 0.22083333333333333 0.15625
3 0.08263888888888889 0.6083333333333333 0.15694444444444444 0.1
3 0.2076388888888889 0.37916666666666665 0.0763888888888889 0.06666666666666667
3 0.48194444444444445 0.23958333333333334 0.04722222222222222 0.041666666666666664
3 0.5763888888888888 0.2677083333333333 0.058333333333333334 0.04791666666666667
3 0.34375 0.3489583333333333 0.04861111111111111 0.06458333333333334
3 0.3909722222222222 0.290625 0.04027777777777778 0.03958333333333333
3 0.4340277777777778 0.325 0.0625 0.06666666666666667
3 0.325 0.30625 0.044444444444444446 0.0375
3 0.3145833333333333 0.2760416666666667 0.03194444444444444 0.027083333333333334
3 0.35833333333333334 0.25625 0.03888888888888889 0.0375
3 0.475 0.19375 0.03888888888888889 0.03333333333333333
2 0.7777777777777778 0.459375 0.11388888888888889 0.10208333333333333
2 0.7208333333333333 0.3489583333333333 0.08611111111111111 0.06875