4 0.8583333333333333 0.3875 0.1527777777777778 0.10833333333333334
4 0.31875 0.19375 0.0625 0.07083333333333333
3 0.20833333333333334 0.22291666666666668 0.03333333333333333 0.0375
3 0.35208333333333336 0.24270833333333333 0.04861111111111111 0.04375
3 0.7152777777777778 0.378125 0.10555555555555556 0.07291666666666667
3 0.11944444444444445 0.1875 0.025 0.029166666666666667
3 0.16875 0.18229166666666666 0.02638888888888889 0.03125
3 0.22847222222222222 0.35208333333333336 0.0625 0.07916666666666666
3 0.3375 0.3645833333333333 0.07222222222222222 0.0875
3 0.30833333333333335 0.25 0.05 0.05416666666666667
3 0.26666666666666666 0.22291666666666668 0.03888888888888889 0.041666666666666664
3 0.2791666666666667 0.19791666666666666 0.022222222222222223 0.03333333333333333
4 0.25972222222222224 0.12395833333333334 0.05277777777777778 0.04791666666666667
2 0.26180555555555557 0.15208333333333332 0.02361111111111111 0.020833333333333332
2 0.9125 0.271875 0.08333333333333333 0.06041666666666667
3 0.9652777777777778 0.29375 0.06944444444444445 0.05