4 0.13472222222222222 0.63125 0.24722222222222223 0.15833333333333333
2 0.7236111111111111 0.44479166666666664 0.10833333333333334 0.10625
2 0.8951388888888889 0.5291666666666667 0.1125 0.09166666666666666
2 0.6284722222222222 0.36354166666666665 0.10138888888888889 0.06875
2 0.8388888888888889 0.403125 0.07777777777777778 0.06458333333333334
2 0.9069444444444444 0.4427083333333333 0.09444444444444444 0.06458333333333334
2 0.9430555555555555 0.36041666666666666 0.07222222222222222 0.0625
2 0.34444444444444444 0.28020833333333334 0.05555555555555555 0.06041666666666667
3 0.28194444444444444 0.3020833333333333 0.04722222222222222 0.058333333333333334
3 0.2590277777777778 0.26458333333333334 0.04027777777777778 0.04583333333333333
3 0.4013888888888889 0.2708333333333333 0.044444444444444446 0.04583333333333333
2 0.3736111111111111 0.23854166666666668 0.041666666666666664 0.04375
3 0.2902777777777778 0.21875 0.03333333333333333 0.041666666666666664
3 0.33819444444444446 0.21145833333333333 0.034722222222222224 0.03125
3 0.24444444444444444 0.22916666666666666 0.027777777777777776 0.025
2 0.23125 0.20833333333333334 0.043055555555555555 0.0375