3 0.26458333333333334 0.11979166666666667 0.034722222222222224 0.027083333333333334
3 0.3784722222222222 0.346875 0.09305555555555556 0.08541666666666667
3 0.3972222222222222 0.5697916666666667 0.1361111111111111 0.16875
2 0.13680555555555557 0.10416666666666667 0.02638888888888889 0.029166666666666667
2 0.21319444444444444 0.09479166666666666 0.029166666666666667 0.027083333333333334
2 0.16527777777777777 0.128125 0.027777777777777776 0.03125
2 0.18611111111111112 0.15729166666666666 0.03888888888888889 0.03958333333333333
2 0.3076388888888889 0.11770833333333333 0.034722222222222224 0.027083333333333334
2 0.24583333333333332 0.22395833333333334 0.04722222222222222 0.04791666666666667
2 0.17708333333333334 0.25104166666666666 0.04861111111111111 0.07291666666666667
2 0.4486111111111111 0.225 0.07222222222222222 0.058333333333333334
2 0.4534722222222222 0.17916666666666667 0.05416666666666667 0.041666666666666664
2 0.5673611111111111 0.15104166666666666 0.06527777777777778 0.03958333333333333
2 0.5625 0.296875 0.08333333333333333 0.06458333333333334
2 0.6493055555555556 0.6208333333333333 0.17083333333333334 0.20833333333333334
2 0.7777777777777778 0.34270833333333334 0.08888888888888889 0.07291666666666667
3 0.6666666666666666 0.159375 0.05 0.03958333333333333
3 0.7222222222222222 0.159375 0.04722222222222222 0.03958333333333333
2 0.80625 0.21875 0.043055555555555555 0.05