3 0.19652777777777777 0.34270833333333334 0.04027777777777778 0.04791666666666667
3 0.48680555555555555 0.3375 0.05416666666666667 0.05
3 0.5159722222222223 0.46770833333333334 0.0763888888888889 0.08125
4 0.9402777777777778 0.7708333333333334 0.09722222222222222 0.175
3 0.4826388888888889 0.27708333333333335 0.05138888888888889 0.04583333333333333
2 0.2534722222222222 0.18541666666666667 0.02361111111111111 0.029166666666666667
2 0.29375 0.271875 0.0375 0.04791666666666667
2 0.30694444444444446 0.20208333333333334 0.019444444444444445 0.03333333333333333
3 0.3298611111111111 0.23541666666666666 0.03194444444444444 0.03333333333333333
2 0.22708333333333333 0.46979166666666666 0.059722222222222225 0.08958333333333333
2 0.7138888888888889 0.44375 0.08888888888888889 0.0875
2 0.7291666666666666 0.5510416666666667 0.12222222222222222 0.12291666666666666
2 0.9444444444444444 0.628125 0.09166666666666666 0.12708333333333333
2 0.4354166666666667 0.821875 0.1375 0.22708333333333333
3 0.1986111111111111 0.878125 0.1111111111111111 0.22291666666666668
3 0.7034722222222223 0.9083333333333333 0.17083333333333334 0.18333333333333332