3 0.7833333333333333 0.5114583333333333 0.06111111111111111 0.06458333333333334
3 0.7270833333333333 0.32916666666666666 0.0375 0.03333333333333333
3 0.7868055555555555 0.3260416666666667 0.03194444444444444 0.03125
2 0.3375 0.9083333333333333 0.1527777777777778 0.1625
2 0.35138888888888886 0.6354166666666666 0.15833333333333333 0.1875
2 0.6861111111111111 0.396875 0.05277777777777778 0.05625
2 0.8944444444444445 0.334375 0.03611111111111111 0.03958333333333333
2 0.8333333333333334 0.28541666666666665 0.027777777777777776 0.03333333333333333
2 0.7972222222222223 0.2864583333333333 0.027777777777777776 0.027083333333333334
2 0.7770833333333333 0.275 0.02361111111111111 0.029166666666666667
3 0.8569444444444444 0.246875 0.019444444444444445 0.01875
3 0.9173611111111111 0.275 0.020833333333333332 0.025
3 0.6798611111111111 0.259375 0.02361111111111111 0.01875
3 0.9444444444444444 0.28229166666666666 0.022222222222222223 0.027083333333333334
4 0.9631944444444445 0.31354166666666666 0.03194444444444444 0.03958333333333333
2 0.9618055555555556 0.25833333333333336 0.020833333333333332 0.025
2 0.3423611111111111 0.56875 0.09583333333333334 0.0875