4 0.4618055555555556 0.275 0.1597222222222222 0.15416666666666667
4 0.6576388888888889 0.3572916666666667 0.2263888888888889 0.23125
3 0.32708333333333334 0.3625 0.0875 0.08333333333333333
3 0.5444444444444444 0.4083333333333333 0.08888888888888889 0.06666666666666667
3 0.08194444444444444 0.165625 0.027777777777777776 0.03125
2 0.09583333333333334 0.11770833333333333 0.025 0.027083333333333334
2 0.1388888888888889 0.171875 0.03888888888888889 0.04375
2 0.1909722222222222 0.11458333333333333 0.029166666666666667 0.025
2 0.3 0.15 0.044444444444444446 0.03333333333333333
2 0.4263888888888889 0.19270833333333334 0.05555555555555555 0.03958333333333333
2 0.35208333333333336 0.17291666666666666 0.05416666666666667 0.03333333333333333
3 0.22430555555555556 0.12708333333333333 0.02638888888888889 0.025
3 0.2548611111111111 0.1375 0.034722222222222224 0.029166666666666667
0 0.32013888888888886 0.21458333333333332 0.12638888888888888 0.1125
2 0.31805555555555554 0.2833333333333333 0.07777777777777778 0.07083333333333333
2 0.4361111111111111 0.425 0.1361111111111111 0.14166666666666666
0 0.7270833333333333 0.6333333333333333 0.44027777777777777 0.45416666666666666
2 0.9395833333333333 0.6364583333333333 0.10416666666666667 0.18541666666666667
2 0.9520833333333333 0.5427083333333333 0.0875 0.15208333333333332
2 0.9583333333333334 0.459375 0.07777777777777778 0.12708333333333333