2 0.3284722222222222 0.6125 0.1736111111111111 0.1375
2 0.6805555555555556 0.6052083333333333 0.1527777777777778 0.15208333333333332
2 0.5451388888888888 0.41354166666666664 0.0763888888888889 0.08125
2 0.6291666666666667 0.303125 0.058333333333333334 0.04791666666666667
2 0.3625 0.3375 0.06388888888888888 0.09583333333333334
2 0.41944444444444445 0.3177083333333333 0.05 0.06458333333333334
2 0.5090277777777777 0.28541666666666665 0.043055555555555555 0.04583333333333333
2 0.51875 0.22083333333333333 0.04861111111111111 0.041666666666666664
3 0.31180555555555556 0.265625 0.0375 0.035416666666666666
3 0.4409722222222222 0.21354166666666666 0.034722222222222224 0.027083333333333334
3 0.3055555555555556 0.165625 0.022222222222222223 0.022916666666666665