4 0.46041666666666664 0.56875 0.2513888888888889 0.16666666666666666
2 0.34652777777777777 0.36041666666666666 0.09027777777777778 0.075
2 0.5958333333333333 0.403125 0.07222222222222222 0.10208333333333333
2 0.4666666666666667 0.365625 0.07777777777777778 0.07291666666666667
2 0.46805555555555556 0.31354166666666666 0.07222222222222222 0.06041666666666667
3 0.53125 0.32708333333333334 0.059722222222222225 0.058333333333333334
3 0.5319444444444444 0.28854166666666664 0.04722222222222222 0.035416666666666666
3 0.5847222222222223 0.2875 0.05 0.04583333333333333
3 0.6333333333333333 0.25729166666666664 0.041666666666666664 0.04375
3 0.6729166666666667 0.234375 0.034722222222222224 0.027083333333333334
3 0.7305555555555555 0.171875 0.019444444444444445 0.022916666666666665
2 0.7541666666666667 0.15729166666666666 0.027777777777777776 0.027083333333333334