3 0.13541666666666666 0.1875 0.0375 0.041666666666666664
3 0.18472222222222223 0.17083333333333334 0.03333333333333333 0.03333333333333333
3 0.21180555555555555 0.18854166666666666 0.04027777777777778 0.03958333333333333
3 0.7472222222222222 0.19791666666666666 0.044444444444444446 0.041666666666666664
3 0.6555555555555556 0.16458333333333333 0.04722222222222222 0.0375
2 0.08888888888888889 0.71875 0.175 0.2125
2 0.15486111111111112 0.21354166666666666 0.04583333333333333 0.06041666666666667
2 0.2548611111111111 0.17395833333333333 0.043055555555555555 0.052083333333333336
2 0.5159722222222223 0.36354166666666665 0.10138888888888889 0.08958333333333333
2 0.6326388888888889 0.36875 0.10138888888888889 0.09583333333333334
2 0.6388888888888888 0.14583333333333334 0.05555555555555555 0.04583333333333333
2 0.7034722222222223 0.17083333333333334 0.04861111111111111 0.04583333333333333
2 0.7784722222222222 0.23958333333333334 0.04861111111111111 0.05416666666666667
2 0.8173611111111111 0.13958333333333334 0.0375 0.03333333333333333
2 0.8951388888888889 0.11979166666666667 0.03194444444444444 0.035416666666666666
2 0.7673611111111112 0.10833333333333334 0.05694444444444444 0.025
2 0.6944444444444444 0.140625 0.05 0.03958333333333333