3 0.04236111111111111 0.428125 0.07083333333333333 0.052083333333333336
3 0.6409722222222223 0.359375 0.03194444444444444 0.027083333333333334
3 0.9680555555555556 0.42083333333333334 0.04722222222222222 0.029166666666666667
4 0.9111111111111111 0.37083333333333335 0.06666666666666667 0.0375
4 0.825 0.3458333333333333 0.058333333333333334 0.03333333333333333
2 0.3277777777777778 0.3375 0.03888888888888889 0.03333333333333333
2 0.41944444444444445 0.41041666666666665 0.044444444444444446 0.03333333333333333
2 0.4736111111111111 0.41354166666666664 0.041666666666666664 0.035416666666666666
2 0.5840277777777778 0.37083333333333335 0.034722222222222224 0.03333333333333333
2 0.7909722222222222 0.378125 0.059722222222222225 0.035416666666666666
2 0.875 0.39479166666666665 0.05277777777777778 0.03958333333333333