3 0.6930555555555555 0.634375 0.1388888888888889 0.14791666666666667
3 0.4826388888888889 0.3416666666666667 0.059722222222222225 0.058333333333333334
3 0.5402777777777777 0.3802083333333333 0.06111111111111111 0.06458333333333334
3 0.7618055555555555 0.353125 0.07916666666666666 0.052083333333333336
3 0.6097222222222223 0.271875 0.05277777777777778 0.03958333333333333
3 0.4638888888888889 0.275 0.03888888888888889 0.041666666666666664
3 0.38125 0.25729166666666664 0.03194444444444444 0.03958333333333333
0 0.8583333333333333 0.8947916666666667 0.25833333333333336 0.21041666666666667
2 0.8625 0.43854166666666666 0.13055555555555556 0.10208333333333333
2 0.6118055555555556 0.365625 0.0763888888888889 0.07708333333333334
3 0.38472222222222224 0.19375 0.027777777777777776 0.020833333333333332
3 0.4979166666666667 0.22395833333333334 0.03194444444444444 0.027083333333333334
3 0.5604166666666667 0.278125 0.04861111111111111 0.03958333333333333
2 0.48194444444444445 0.24270833333333333 0.044444444444444446 0.035416666666666666
2 0.4215277777777778 0.2125 0.03194444444444444 0.029166666666666667
2 0.4048611111111111 0.275 0.034722222222222224 0.05
2 0.4375 0.296875 0.04722222222222222 0.05625
2 0.5069444444444444 0.29375 0.05277777777777778 0.05416666666666667
3 0.5506944444444445 0.3333333333333333 0.05416666666666667 0.05416666666666667
2 0.24791666666666667 0.3104166666666667 0.04027777777777778 0.05416666666666667