3 0.25833333333333336 0.296875 0.05555555555555555 0.04791666666666667
3 0.7930555555555555 0.46145833333333336 0.1361111111111111 0.09375
3 0.16111111111111112 0.21979166666666666 0.027777777777777776 0.03125
3 0.27361111111111114 0.171875 0.027777777777777776 0.027083333333333334
3 0.1840277777777778 0.23541666666666666 0.029166666666666667 0.0375
2 0.2076388888888889 0.2552083333333333 0.04583333333333333 0.04791666666666667
2 0.24791666666666667 0.22708333333333333 0.043055555555555555 0.041666666666666664
2 0.3034722222222222 0.25833333333333336 0.05694444444444444 0.05416666666666667
2 0.3236111111111111 0.346875 0.04722222222222222 0.08541666666666667
3 0.48541666666666666 0.453125 0.08472222222222223 0.08541666666666667
3 0.5430555555555555 0.39791666666666664 0.06666666666666667 0.075
2 0.4826388888888889 0.22916666666666666 0.05138888888888889 0.041666666666666664
2 0.6201388888888889 0.5447916666666667 0.1375 0.13541666666666666
2 0.65 0.45625 0.1111111111111111 0.10416666666666667
2 0.7951388888888888 0.528125 0.12361111111111112 0.09375
0 0.8763888888888889 0.6947916666666667 0.2361111111111111 0.3229166666666667
2 0.9666666666666667 0.5416666666666666 0.05555555555555555 0.09583333333333334