2 0.8763888888888889 0.8510416666666667 0.23055555555555557 0.21875
2 0.5618055555555556 0.659375 0.1875 0.14791666666666667
2 0.30486111111111114 0.41041666666666665 0.11805555555555555 0.09583333333333334
2 0.0763888888888889 0.3 0.07777777777777778 0.0625
2 0.5361111111111111 0.2677083333333333 0.06111111111111111 0.05625
3 0.16944444444444445 0.484375 0.16111111111111112 0.08958333333333333
3 0.7479166666666667 0.6458333333333334 0.1736111111111111 0.1375
3 0.6993055555555555 0.25416666666666665 0.04583333333333333 0.041666666666666664
3 0.5986111111111111 0.35104166666666664 0.044444444444444446 0.06041666666666667
3 0.43819444444444444 0.27395833333333336 0.0625 0.052083333333333336
3 0.38333333333333336 0.26979166666666665 0.058333333333333334 0.05625
3 0.49375 0.24791666666666667 0.04027777777777778 0.04583333333333333
3 0.6145833333333334 0.22604166666666667 0.03194444444444444 0.03125