2 0.4388888888888889 0.5916666666666667 0.19722222222222222 0.13333333333333333
2 0.2986111111111111 0.37083333333333335 0.05 0.08333333333333333
3 0.26805555555555555 0.27708333333333335 0.04722222222222222 0.05416666666666667
3 0.31805555555555554 0.25833333333333336 0.04722222222222222 0.041666666666666664
3 0.3972222222222222 0.20833333333333334 0.03888888888888889 0.03333333333333333
2 0.49166666666666664 0.27291666666666664 0.058333333333333334 0.05
3 0.8777777777777778 0.3 0.06944444444444445 0.05
3 0.9256944444444445 0.3229166666666667 0.06805555555555555 0.0625
3 0.9576388888888889 0.35208333333333336 0.06805555555555555 0.07916666666666666
3 0.22708333333333333 0.20625 0.034722222222222224 0.041666666666666664
3 0.3076388888888889 0.11875 0.02361111111111111 0.020833333333333332