2 0.6784722222222223 0.9302083333333333 0.3875 0.13958333333333334
2 0.8166666666666667 0.5947916666666667 0.16666666666666666 0.11041666666666666
2 0.09027777777777778 0.38229166666666664 0.1111111111111111 0.08541666666666667
3 0.41041666666666665 0.4041666666666667 0.09583333333333334 0.0875
3 0.33958333333333335 0.32083333333333336 0.07916666666666666 0.07083333333333333
3 0.4236111111111111 0.33125 0.075 0.06666666666666667
3 0.4965277777777778 0.2947916666666667 0.059722222222222225 0.05625
3 0.5645833333333333 0.25729166666666664 0.04861111111111111 0.052083333333333336
3 0.7118055555555556 0.2520833333333333 0.0375 0.0375
3 0.4576388888888889 0.234375 0.04861111111111111 0.035416666666666666
3 0.47152777777777777 0.25833333333333336 0.05694444444444444 0.04583333333333333
4 0.6368055555555555 0.190625 0.06527777777777778 0.07291666666666667
3 0.7048611111111112 0.20729166666666668 0.0375 0.03125
3 0.7284722222222222 0.16041666666666668 0.02361111111111111 0.025