4 0.24583333333333332 0.3020833333333333 0.16666666666666666 0.11666666666666667
3 0.3506944444444444 0.353125 0.07916666666666666 0.06875
3 0.38263888888888886 0.2520833333333333 0.05694444444444444 0.0375
3 0.37083333333333335 0.2916666666666667 0.06944444444444445 0.05
3 0.5256944444444445 0.21979166666666666 0.04027777777777778 0.035416666666666666
3 0.5673611111111111 0.30416666666666664 0.05416666666666667 0.05
3 0.7270833333333333 0.22708333333333333 0.034722222222222224 0.0375
3 0.7326388888888888 0.17708333333333334 0.02361111111111111 0.029166666666666667
3 0.7902777777777777 0.165625 0.019444444444444445 0.022916666666666665
3 0.6513888888888889 0.16354166666666667 0.027777777777777776 0.027083333333333334
3 0.4597222222222222 0.24791666666666667 0.05277777777777778 0.041666666666666664
2 0.55 0.3927083333333333 0.10277777777777777 0.09791666666666667
2 0.25625 0.3385416666666667 0.07916666666666666 0.06875