3 0.20833333333333334 0.553125 0.13333333333333333 0.12708333333333333
2 0.32222222222222224 0.4270833333333333 0.10833333333333334 0.09166666666666666
3 0.6131944444444445 0.4322916666666667 0.0875 0.08541666666666667
3 0.7125 0.8833333333333333 0.2638888888888889 0.23333333333333334
3 0.9354166666666667 0.65 0.1125 0.12083333333333333
3 0.5027777777777778 0.2864583333333333 0.06111111111111111 0.052083333333333336
3 0.40347222222222223 0.2625 0.05694444444444444 0.04583333333333333
3 0.46111111111111114 0.26666666666666666 0.04722222222222222 0.04583333333333333
3 0.5486111111111112 0.259375 0.044444444444444446 0.04791666666666667
3 0.46458333333333335 0.23333333333333334 0.05138888888888889 0.0375
4 0.6277777777777778 0.26875 0.058333333333333334 0.075