3 0.39305555555555555 0.2625 0.03333333333333333 0.041666666666666664
3 0.51875 0.36354166666666665 0.06805555555555555 0.06458333333333334
3 0.5020833333333333 0.29270833333333335 0.04027777777777778 0.04791666666666667
3 0.5423611111111111 0.3229166666666667 0.05138888888888889 0.05
2 0.4284722222222222 0.27708333333333335 0.04861111111111111 0.058333333333333334
2 0.46458333333333335 0.3125 0.059722222222222225 0.058333333333333334
2 0.6013888888888889 0.3572916666666667 0.06944444444444445 0.07708333333333334
2 0.6881944444444444 0.625 0.11527777777777778 0.14166666666666666
3 0.17083333333333334 0.23229166666666667 0.027777777777777776 0.03125
3 0.25 0.18125 0.022222222222222223 0.020833333333333332
3 0.3645833333333333 0.221875 0.0375 0.03125