3 0.8222222222222222 0.9135416666666667 0.2861111111111111 0.17291666666666666
3 0.37777777777777777 0.27395833333333336 0.06666666666666667 0.04791666666666667
3 0.5819444444444445 0.24270833333333333 0.044444444444444446 0.03958333333333333
3 0.5076388888888889 0.24895833333333334 0.05416666666666667 0.03958333333333333
2 0.7694444444444445 0.42604166666666665 0.11388888888888889 0.08125
2 0.35138888888888886 0.459375 0.06666666666666667 0.11458333333333333
3 0.3736111111111111 0.20104166666666667 0.04722222222222222 0.035416666666666666
2 0.44305555555555554 0.24375 0.05555555555555555 0.041666666666666664
2 0.4513888888888889 0.26875 0.05555555555555555 0.05
2 0.47708333333333336 0.2916666666666667 0.0625 0.058333333333333334
2 0.5534722222222223 0.22604166666666667 0.04583333333333333 0.03958333333333333
0 0.6118055555555556 0.18958333333333333 0.06527777777777778 0.0625
3 0.6659722222222222 0.178125 0.02361111111111111 0.027083333333333334
4 0.6902777777777778 0.13645833333333332 0.06111111111111111 0.06041666666666667