3 0.4152777777777778 0.2625 0.05555555555555555 0.04583333333333333
3 0.44027777777777777 0.31666666666666665 0.07222222222222222 0.05416666666666667
3 0.5027777777777778 0.2875 0.058333333333333334 0.04583333333333333
2 0.30833333333333335 0.42916666666666664 0.1111111111111111 0.075
2 0.4041666666666667 0.203125 0.05555555555555555 0.04791666666666667
2 0.3548611111111111 0.253125 0.06527777777777778 0.04375
2 0.46805555555555556 0.26875 0.058333333333333334 0.05
2 0.4756944444444444 0.234375 0.04861111111111111 0.035416666666666666
4 0.5256944444444445 0.240625 0.05694444444444444 0.04375
3 0.5555555555555556 0.25729166666666664 0.05277777777777778 0.04791666666666667
3 0.5909722222222222 0.19375 0.034722222222222224 0.029166666666666667
3 0.5416666666666666 0.2125 0.03611111111111111 0.025
2 0.6020833333333333 0.234375 0.043055555555555555 0.03958333333333333
4 0.6451388888888889 0.209375 0.06527777777777778 0.04791666666666667
2 0.8479166666666667 0.603125 0.1763888888888889 0.11458333333333333