4 0.5423611111111111 0.19270833333333334 0.13472222222222222 0.11458333333333333
3 0.18541666666666667 0.33958333333333335 0.08472222222222223 0.0625
3 0.27291666666666664 0.29791666666666666 0.0763888888888889 0.05
3 0.42569444444444443 0.23854166666666668 0.05138888888888889 0.03958333333333333
3 0.4409722222222222 0.25729166666666664 0.05694444444444444 0.04791666666666667
3 0.4111111111111111 0.31666666666666665 0.06666666666666667 0.05416666666666667
3 0.6243055555555556 0.178125 0.029166666666666667 0.022916666666666665
2 0.23541666666666666 0.35104166666666664 0.09305555555555556 0.07291666666666667
2 0.31805555555555554 0.3625 0.09444444444444444 0.0875
2 0.33055555555555555 0.303125 0.07777777777777778 0.06041666666666667
3 0.3680555555555556 0.25833333333333336 0.058333333333333334 0.04583333333333333
2 0.14722222222222223 0.5875 0.17777777777777778 0.13333333333333333
2 0.5409722222222222 0.7041666666666667 0.2625 0.17916666666666667