4 0.3034722222222222 0.48020833333333335 0.34305555555555556 0.27291666666666664
3 0.15138888888888888 0.4895833333333333 0.15833333333333333 0.1125
3 0.02638888888888889 0.3104166666666667 0.03611111111111111 0.05416666666666667
3 0.675 0.12395833333333334 0.027777777777777776 0.03125
3 0.5590277777777778 0.15104166666666666 0.04583333333333333 0.035416666666666666
3 0.6361111111111111 0.14166666666666666 0.041666666666666664 0.03333333333333333
2 0.7027777777777777 0.11145833333333334 0.030555555555555555 0.03125
2 0.5708333333333333 0.16666666666666666 0.04722222222222222 0.0375
2 0.5666666666666667 0.23854166666666668 0.08333333333333333 0.07708333333333334
2 0.5291666666666667 0.209375 0.058333333333333334 0.052083333333333336
2 0.4875 0.19583333333333333 0.058333333333333334 0.05
2 0.4284722222222222 0.19583333333333333 0.06527777777777778 0.05416666666666667