4 0.5430555555555555 0.29583333333333334 0.058333333333333334 0.058333333333333334
3 0.4222222222222222 0.20208333333333334 0.027777777777777776 0.025
3 0.6006944444444444 0.3020833333333333 0.04861111111111111 0.041666666666666664
3 0.7729166666666667 0.5041666666666667 0.09305555555555556 0.07916666666666666
3 0.6354166666666666 0.35208333333333336 0.059722222222222225 0.04583333333333333
2 0.4701388888888889 0.20833333333333334 0.03194444444444444 0.029166666666666667
2 0.3715277777777778 0.16770833333333332 0.020833333333333332 0.01875
2 0.51875 0.23958333333333334 0.0375 0.03333333333333333
2 0.7256944444444444 0.29583333333333334 0.02638888888888889 0.025
4 0.61875 0.22708333333333333 0.05416666666666667 0.041666666666666664
3 0.80625 0.2520833333333333 0.020833333333333332 0.016666666666666666
3 0.9527777777777777 0.28229166666666666 0.027777777777777776 0.022916666666666665