4 0.33958333333333335 0.25625 0.15138888888888888 0.14166666666666666
3 0.41180555555555554 0.3 0.07083333333333333 0.05416666666666667
3 0.48333333333333334 0.3625 0.08055555555555556 0.06666666666666667
0 0.4236111111111111 0.21458333333333332 0.11388888888888889 0.08333333333333333
2 0.5076388888888889 0.24895833333333334 0.0763888888888889 0.06875
3 0.5659722222222222 0.22708333333333333 0.043055555555555555 0.041666666666666664
2 0.6409722222222223 0.26458333333333334 0.059722222222222225 0.05
2 0.5645833333333333 0.303125 0.07083333333333333 0.06458333333333334
2 0.34791666666666665 0.4322916666666667 0.13194444444444445 0.11875
2 0.2833333333333333 0.3541666666666667 0.1 0.07916666666666666
2 0.1326388888888889 0.5635416666666667 0.17916666666666667 0.16041666666666668
4 0.075 0.4625 0.14444444444444443 0.125
2 0.13819444444444445 0.36770833333333336 0.12083333333333333 0.08541666666666667