2 0.25972222222222224 0.7145833333333333 0.21944444444444444 0.16666666666666666
2 0.6076388888888888 0.6833333333333333 0.1763888888888889 0.14166666666666666
2 0.7090277777777778 0.5052083333333334 0.14583333333333334 0.10208333333333333
2 0.6819444444444445 0.346875 0.08888888888888889 0.06875
2 0.8715277777777778 0.3854166666666667 0.08194444444444444 0.075
3 0.27291666666666664 0.28229166666666666 0.05138888888888889 0.05625
3 0.2423611111111111 0.22916666666666666 0.04027777777777778 0.05
3 0.3347222222222222 0.27291666666666664 0.05 0.05416666666666667
3 0.39166666666666666 0.26145833333333335 0.05 0.04791666666666667
3 0.3506944444444444 0.22083333333333333 0.04027777777777778 0.041666666666666664
3 0.30416666666666664 0.23020833333333332 0.041666666666666664 0.04375
3 0.25555555555555554 0.13333333333333333 0.025 0.03333333333333333
3 0.225 0.109375 0.025 0.027083333333333334
3 0.28680555555555554 0.16458333333333333 0.04583333333333333 0.04583333333333333
4 0.9472222222222222 0.28541666666666665 0.09444444444444444 0.12916666666666668