3 0.7909722222222222 0.621875 0.14305555555555555 0.15625
3 0.9298611111111111 0.8822916666666667 0.12083333333333333 0.22291666666666668
3 0.6666666666666666 0.471875 0.1 0.11041666666666666
3 0.8881944444444444 0.5677083333333334 0.14583333333333334 0.13958333333333334
3 0.7326388888888888 0.4239583333333333 0.09027777777777778 0.08541666666666667
3 0.5868055555555556 0.38333333333333336 0.07083333333333333 0.07916666666666666
3 0.5270833333333333 0.32083333333333336 0.05694444444444444 0.058333333333333334
3 0.7041666666666667 0.33229166666666665 0.06388888888888888 0.06041666666666667
3 0.48333333333333334 0.271875 0.041666666666666664 0.04791666666666667
2 0.6277777777777778 0.33125 0.06944444444444445 0.075
2 0.7895833333333333 0.38229166666666664 0.10416666666666667 0.09375
2 0.6402777777777777 0.28020833333333334 0.05277777777777778 0.052083333333333336
2 0.5645833333333333 0.2791666666666667 0.04861111111111111 0.05
2 0.5854166666666667 0.24895833333333334 0.05416666666666667 0.04375
4 0.9222222222222223 0.484375 0.1388888888888889 0.13958333333333334
4 0.47638888888888886 0.19375 0.044444444444444446 0.058333333333333334
3 0.5131944444444444 0.19479166666666667 0.029166666666666667 0.03125