3 0.46597222222222223 0.2833333333333333 0.04583333333333333 0.05416666666666667
3 0.5534722222222223 0.315625 0.05694444444444444 0.06041666666666667
3 0.4861111111111111 0.20625 0.03611111111111111 0.041666666666666664
4 0.9486111111111111 0.23854166666666668 0.075 0.07291666666666667
2 0.18611111111111112 0.41354166666666664 0.14722222222222223 0.11458333333333333
4 0.38263888888888886 0.07916666666666666 0.02638888888888889 0.05416666666666667
2 0.4625 0.1625 0.03333333333333333 0.0375
2 0.4111111111111111 0.165625 0.030555555555555555 0.035416666666666666
2 0.4305555555555556 0.21041666666666667 0.03333333333333333 0.041666666666666664
3 0.44305555555555554 0.13229166666666667 0.022222222222222223 0.027083333333333334
3 0.4305555555555556 0.115625 0.019444444444444445 0.022916666666666665
3 0.4201388888888889 0.09583333333333334 0.018055555555555554 0.020833333333333332
2 0.9194444444444444 0.4 0.10277777777777777 0.08333333333333333
2 0.93125 0.6375 0.12361111111111112 0.15416666666666667
2 0.7576388888888889 0.6333333333333333 0.12916666666666668 0.17083333333333334