4 0.6375 0.121875 0.09166666666666666 0.10208333333333333
3 0.6659722222222222 0.15520833333333334 0.05138888888888889 0.03958333333333333
3 0.7111111111111111 0.16770833333333332 0.04722222222222222 0.03958333333333333
2 0.13333333333333333 0.17604166666666668 0.03888888888888889 0.04791666666666667
2 0.11944444444444445 0.24375 0.058333333333333334 0.07083333333333333
2 0.2826388888888889 0.24895833333333334 0.059722222222222225 0.07291666666666667
2 0.3326388888888889 0.46458333333333335 0.10972222222222222 0.15
3 0.6993055555555555 0.12395833333333334 0.02361111111111111 0.03125
3 0.7486111111111111 0.14791666666666667 0.03333333333333333 0.0375
2 0.8138888888888889 0.1875 0.06944444444444445 0.05
2 0.9326388888888889 0.6427083333333333 0.12083333333333333 0.16041666666666668