4 0.31527777777777777 0.26458333333333334 0.12222222222222222 0.10416666666666667
3 0.18125 0.346875 0.0875 0.06458333333333334
3 0.36180555555555555 0.29583333333333334 0.059722222222222225 0.05
3 0.44166666666666665 0.2604166666666667 0.05555555555555555 0.04583333333333333
3 0.5541666666666667 0.209375 0.03888888888888889 0.035416666666666666
3 0.6472222222222223 0.16666666666666666 0.027777777777777776 0.025
3 0.6701388888888888 0.15729166666666666 0.020833333333333332 0.01875
3 0.4465277777777778 0.22291666666666668 0.04861111111111111 0.0375
2 0.5027777777777778 0.228125 0.05 0.04791666666666667
2 0.29097222222222224 0.3260416666666667 0.08194444444444444 0.07291666666666667
3 0.9041666666666667 0.8604166666666667 0.18333333333333332 0.15416666666666667