4 0.33611111111111114 0.4427083333333333 0.15 0.11041666666666666
3 0.10347222222222222 0.35104166666666664 0.09583333333333334 0.06875
3 0.35694444444444445 0.28958333333333336 0.07777777777777778 0.058333333333333334
3 0.6909722222222222 0.30416666666666664 0.05694444444444444 0.05416666666666667
3 0.09722222222222222 0.7229166666666667 0.18055555555555555 0.15833333333333333
4 0.5159722222222223 0.18958333333333333 0.12361111111111112 0.07083333333333333
2 0.5201388888888889 0.35208333333333336 0.0875 0.07916666666666666
2 0.4395833333333333 0.478125 0.12083333333333333 0.10208333333333333
2 0.9270833333333334 0.646875 0.13194444444444445 0.13541666666666666
2 0.8916666666666667 0.8864583333333333 0.20555555555555555 0.22708333333333333
2 0.10416666666666667 0.203125 0.044444444444444446 0.04791666666666667
2 0.07708333333333334 0.18020833333333333 0.04027777777777778 0.04375