3 0.3784722222222222 0.3927083333333333 0.04583333333333333 0.05625
3 0.5270833333333333 0.5395833333333333 0.0763888888888889 0.09166666666666666
3 0.4597222222222222 0.40208333333333335 0.04722222222222222 0.05416666666666667
3 0.625 0.33125 0.041666666666666664 0.0375
3 0.93125 0.7354166666666667 0.10416666666666667 0.1375
2 0.3736111111111111 0.35104166666666664 0.041666666666666664 0.04375
2 0.42986111111111114 0.33541666666666664 0.0375 0.04583333333333333
2 0.4465277777777778 0.3645833333333333 0.04583333333333333 0.05
2 0.39444444444444443 0.44583333333333336 0.06111111111111111 0.07916666666666666
4 0.49027777777777776 0.46041666666666664 0.07222222222222222 0.09166666666666666
2 0.4173611111111111 0.5291666666666667 0.07916666666666666 0.11666666666666667
2 0.7458333333333333 0.484375 0.08888888888888889 0.08125