4 0.3736111111111111 0.4375 0.14166666666666666 0.0875
3 0.3145833333333333 0.284375 0.06805555555555555 0.04791666666666667
3 0.37569444444444444 0.2875 0.06805555555555555 0.05
3 0.45069444444444445 0.253125 0.059722222222222225 0.03958333333333333
3 0.6395833333333333 0.5625 0.17083333333333334 0.10416666666666667
2 0.11041666666666666 0.2875 0.09861111111111111 0.07083333333333333
2 0.2298611111111111 0.2520833333333333 0.08194444444444444 0.07083333333333333
2 0.25069444444444444 0.275 0.07916666666666666 0.05416666666666667
0 0.3770833333333333 0.21979166666666666 0.1125 0.08958333333333333
2 0.4270833333333333 0.2916666666666667 0.06527777777777778 0.05416666666666667
2 0.40555555555555556 0.24375 0.058333333333333334 0.04583333333333333
2 0.475 0.196875 0.04722222222222222 0.03125
3 0.5298611111111111 0.196875 0.04027777777777778 0.035416666666666666
3 0.45902777777777776 0.22604166666666667 0.04583333333333333 0.03125
2 0.9083333333333333 0.8395833333333333 0.1638888888888889 0.15
2 0.5722222222222222 0.18020833333333333 0.03888888888888889 0.03125
2 0.5354166666666667 0.17291666666666666 0.0375 0.029166666666666667