3 0.7395833333333334 0.19479166666666667 0.034722222222222224 0.03125
3 0.66875 0.121875 0.034722222222222224 0.027083333333333334
3 0.6694444444444444 0.15 0.03333333333333333 0.025
3 0.8506944444444444 0.13125 0.02361111111111111 0.025
2 0.04513888888888889 0.20520833333333333 0.04861111111111111 0.052083333333333336
2 0.11041666666666666 0.45416666666666666 0.1486111111111111 0.10833333333333334
2 0.33055555555555555 0.28541666666666665 0.09722222222222222 0.08333333333333333
2 0.3416666666666667 0.421875 0.1388888888888889 0.11875
3 0.49930555555555556 0.21666666666666667 0.05694444444444444 0.04583333333333333
2 0.7020833333333333 0.271875 0.05138888888888889 0.052083333333333336
2 0.8451388888888889 0.49375 0.13194444444444445 0.09583333333333334
3 0.9395833333333333 0.6416666666666667 0.12083333333333333 0.1
3 0.9666666666666667 0.575 0.06666666666666667 0.06666666666666667
2 0.9111111111111111 0.7552083333333334 0.17777777777777778 0.17291666666666666
2 0.8868055555555555 0.8760416666666667 0.2152777777777778 0.23125