3 0.42083333333333334 0.28020833333333334 0.07777777777777778 0.06875
4 0.5798611111111112 0.18541666666666667 0.12083333333333333 0.10833333333333334
3 0.5090277777777777 0.44375 0.12916666666666668 0.12083333333333333
3 0.8111111111111111 0.275 0.1 0.058333333333333334
3 0.7826388888888889 0.38229166666666664 0.14305555555555555 0.10625
3 0.9465277777777777 0.46041666666666664 0.09583333333333334 0.0875
2 0.2125 0.19166666666666668 0.05277777777777778 0.05416666666666667
2 0.24305555555555555 0.13020833333333334 0.03888888888888889 0.03958333333333333
2 0.31180555555555556 0.11875 0.04027777777777778 0.03333333333333333
2 0.40625 0.2 0.0625 0.058333333333333334
2 0.4798611111111111 0.2375 0.08194444444444444 0.07083333333333333
2 0.6326388888888889 0.30625 0.12361111111111112 0.1