2 0.29930555555555555 0.33229166666666665 0.09583333333333334 0.08541666666666667
3 0.5097222222222222 0.271875 0.06388888888888888 0.06458333333333334
4 0.5326388888888889 0.19166666666666668 0.0625 0.058333333333333334
3 0.5173611111111112 0.171875 0.04583333333333333 0.03958333333333333
3 0.6305555555555555 0.18229166666666666 0.03888888888888889 0.04375
4 0.8041666666666667 0.26145833333333335 0.05555555555555555 0.07708333333333334
3 0.66875 0.10729166666666666 0.02638888888888889 0.027083333333333334
3 0.7041666666666667 0.11770833333333333 0.030555555555555555 0.03125
3 0.7097222222222223 0.08125 0.022222222222222223 0.020833333333333332
2 0.73125 0.08958333333333333 0.02361111111111111 0.025
3 0.7486111111111111 0.07708333333333334 0.016666666666666666 0.016666666666666666