3 0.8840277777777777 0.428125 0.14583333333333334 0.08958333333333333
2 0.31527777777777777 0.26458333333333334 0.07777777777777778 0.075
2 0.38472222222222224 0.2677083333333333 0.07777777777777778 0.08125
3 0.45 0.22395833333333334 0.06111111111111111 0.05625
2 0.5104166666666666 0.18333333333333332 0.04583333333333333 0.05
3 0.5597222222222222 0.15625 0.03888888888888889 0.0375
2 0.95 0.11145833333333334 0.025 0.035416666666666666
3 0.975 0.134375 0.03611111111111111 0.03125
3 0.8618055555555556 0.09479166666666666 0.05138888888888889 0.027083333333333334
3 0.7652777777777777 0.065625 0.03888888888888889 0.01875
3 0.6340277777777777 0.10416666666666667 0.029166666666666667 0.029166666666666667