3 0.24861111111111112 0.259375 0.07777777777777778 0.06041666666666667
2 0.4027777777777778 0.24375 0.07222222222222222 0.06666666666666667
3 0.3902777777777778 0.17604166666666668 0.058333333333333334 0.04791666666666667
3 0.48194444444444445 0.19479166666666667 0.05 0.04791666666666667
3 0.525 0.17395833333333333 0.041666666666666664 0.052083333333333336
3 0.5590277777777778 0.14479166666666668 0.034722222222222224 0.035416666666666666
3 0.5868055555555556 0.13229166666666667 0.03194444444444444 0.035416666666666666
3 0.6131944444444445 0.1125 0.029166666666666667 0.029166666666666667
3 0.8402777777777778 0.15104166666666666 0.06388888888888888 0.03125
3 0.8604166666666667 0.128125 0.04861111111111111 0.027083333333333334
2 0.8541666666666666 0.10729166666666666 0.05555555555555555 0.03125