2 0.32916666666666666 0.3020833333333333 0.09444444444444444 0.15
3 0.4534722222222222 0.31354166666666666 0.09583333333333334 0.09375
3 0.4166666666666667 0.25729166666666664 0.06388888888888888 0.07708333333333334
3 0.29444444444444445 0.2552083333333333 0.05277777777777778 0.08958333333333333
3 0.3715277777777778 0.21458333333333332 0.05138888888888889 0.0625
2 0.29097222222222224 0.18645833333333334 0.05416666666666667 0.07708333333333334
3 0.36527777777777776 0.18229166666666666 0.03333333333333333 0.04375
3 0.3576388888888889 0.16770833333333332 0.0375 0.052083333333333336
2 0.3055555555555556 0.13541666666666666 0.03611111111111111 0.05416666666666667
3 0.3590277777777778 0.14270833333333333 0.03194444444444444 0.027083333333333334
4 0.32430555555555557 0.10104166666666667 0.0625 0.052083333333333336
3 0.5388888888888889 0.15104166666666666 0.03333333333333333 0.03125
3 0.6506944444444445 0.16666666666666666 0.04583333333333333 0.0375
2 0.5597222222222222 0.13229166666666667 0.022222222222222223 0.03125