2 0.8583333333333333 0.6364583333333333 0.2833333333333333 0.36041666666666666
3 0.5125 0.6239583333333333 0.225 0.26875
2 0.9472222222222222 0.26666666666666666 0.1 0.07916666666666666
2 0.7625 0.21145833333333333 0.075 0.05625
2 0.6819444444444445 0.215625 0.08055555555555556 0.06041666666666667
2 0.5888888888888889 0.17291666666666666 0.06111111111111111 0.05
3 0.6527777777777778 0.16875 0.05 0.03333333333333333
2 0.3194444444444444 0.2833333333333333 0.06944444444444445 0.0875
3 0.40555555555555556 0.25 0.06111111111111111 0.0625
2 0.29097222222222224 0.21354166666666666 0.04583333333333333 0.06041666666666667
3 0.3611111111111111 0.20104166666666667 0.041666666666666664 0.035416666666666666
3 0.3611111111111111 0.16666666666666666 0.03333333333333333 0.041666666666666664
3 0.2916666666666667 0.17604166666666668 0.03611111111111111 0.03958333333333333
2 0.20902777777777778 0.20625 0.04861111111111111 0.06666666666666667
3 0.5263888888888889 0.14895833333333333 0.030555555555555555 0.03125
3 0.32430555555555557 0.13125 0.02361111111111111 0.025