2 0.9722222222222222 0.33125 0.03888888888888889 0.04583333333333333
2 0.9229166666666667 0.24270833333333333 0.020833333333333332 0.027083333333333334
2 0.7791666666666667 0.23541666666666666 0.027777777777777776 0.029166666666666667
3 0.7590277777777777 0.21354166666666666 0.02638888888888889 0.027083333333333334
3 0.5201388888888889 0.4197916666666667 0.06805555555555555 0.052083333333333336
4 0.20069444444444445 0.3072916666666667 0.1736111111111111 0.16041666666666668
2 0.3486111111111111 0.26458333333333334 0.05 0.041666666666666664
4 0.42777777777777776 0.21458333333333332 0.06111111111111111 0.06666666666666667
3 0.49027777777777776 0.20729166666666668 0.03611111111111111 0.027083333333333334
3 0.5340277777777778 0.18541666666666667 0.034722222222222224 0.029166666666666667
3 0.5756944444444444 0.17083333333333334 0.02361111111111111 0.020833333333333332