3 0.6729166666666667 0.41041666666666665 0.24027777777777778 0.20833333333333334
3 0.5597222222222222 0.5760416666666667 0.2722222222222222 0.3229166666666667
3 0.5256944444444445 0.309375 0.12638888888888888 0.13125
3 0.4 0.36666666666666664 0.14166666666666666 0.14583333333333334
3 0.4354166666666667 0.25833333333333336 0.09027777777777778 0.09166666666666666
2 0.31527777777777777 0.259375 0.09166666666666666 0.11875
3 0.3784722222222222 0.21145833333333333 0.06805555555555555 0.06875
3 0.2798611111111111 0.21875 0.05416666666666667 0.075
2 0.3423611111111111 0.17291666666666666 0.04861111111111111 0.058333333333333334
3 0.25277777777777777 0.1625 0.05 0.0625
2 0.31527777777777777 0.14375 0.041666666666666664 0.0625