3 0.06319444444444444 0.5114583333333333 0.12361111111111112 0.26458333333333334
3 0.5381944444444444 0.5552083333333333 0.22361111111111112 0.25625
3 0.7381944444444445 0.48125 0.25972222222222224 0.22083333333333333
3 0.5326388888888889 0.33541666666666664 0.13472222222222222 0.1375
3 0.3729166666666667 0.353125 0.12083333333333333 0.14375
3 0.30972222222222223 0.27291666666666664 0.08611111111111111 0.125
4 0.2638888888888889 0.12291666666666666 0.07222222222222222 0.11666666666666667
4 0.3645833333333333 0.17916666666666667 0.09305555555555556 0.14166666666666666
3 0.43333333333333335 0.26666666666666666 0.08333333333333333 0.10833333333333334
3 0.5347222222222222 0.33229166666666665 0.1388888888888889 0.14791666666666667
3 0.76875 0.2604166666666667 0.12638888888888888 0.07083333333333333
2 0.5791666666666667 0.178125 0.07222222222222222 0.06041666666666667
2 0.46458333333333335 0.13958333333333334 0.043055555555555555 0.04583333333333333
4 0.40347222222222223 0.08541666666666667 0.0375 0.0625