3 0.9506944444444444 0.540625 0.09861111111111111 0.18125
2 0.06180555555555556 0.27708333333333335 0.1125 0.11666666666666667
2 0.12777777777777777 0.29791666666666666 0.16111111111111112 0.12083333333333333
3 0.2076388888888889 0.34479166666666666 0.17083333333333334 0.12291666666666666
3 0.37569444444444444 0.36041666666666666 0.1736111111111111 0.125
4 0.4486111111111111 0.16145833333333334 0.09166666666666666 0.052083333333333336
3 0.40069444444444446 0.21979166666666666 0.059722222222222225 0.06041666666666667
2 0.4465277777777778 0.240625 0.10972222222222222 0.09791666666666667
2 0.5833333333333334 0.25625 0.10277777777777777 0.1
2 0.5493055555555556 0.20625 0.0875 0.075
2 0.6263888888888889 0.1625 0.06666666666666667 0.06666666666666667
3 0.6805555555555556 0.14479166666666668 0.03333333333333333 0.052083333333333336
3 0.6166666666666667 0.11354166666666667 0.030555555555555555 0.022916666666666665
3 0.6486111111111111 0.10520833333333333 0.030555555555555555 0.027083333333333334