2 0.28055555555555556 0.3020833333333333 0.1638888888888889 0.13333333333333333
3 0.4284722222222222 0.328125 0.15138888888888888 0.11458333333333333
2 0.38472222222222224 0.18645833333333334 0.08888888888888889 0.07291666666666667
3 0.4826388888888889 0.23541666666666666 0.10138888888888889 0.075
2 0.5743055555555555 0.24791666666666667 0.09305555555555556 0.09583333333333334
3 0.6458333333333334 0.21979166666666666 0.06666666666666667 0.06458333333333334
3 0.56875 0.18958333333333333 0.07916666666666666 0.07083333333333333
3 0.63125 0.17083333333333334 0.05138888888888889 0.05
3 0.6006944444444444 0.11666666666666667 0.043055555555555555 0.0375
2 0.7729166666666667 0.23229166666666667 0.0763888888888889 0.08541666666666667
2 0.6902777777777778 0.17604166666666668 0.06666666666666667 0.07291666666666667
3 0.7388888888888889 0.15520833333333334 0.04722222222222222 0.05625
3 0.7805555555555556 0.12604166666666666 0.03333333333333333 0.03958333333333333
2 0.9118055555555555 0.18958333333333333 0.06805555555555555 0.09583333333333334
3 0.8958333333333334 0.1125 0.027777777777777776 0.029166666666666667