2 0.3423611111111111 0.35625 0.18472222222222223 0.15416666666666667
2 0.2708333333333333 0.309375 0.1527777777777778 0.13125
2 0.12777777777777777 0.2989583333333333 0.16944444444444445 0.12291666666666666
2 0.0625 0.2875 0.1111111111111111 0.10416666666666667
2 0.3034722222222222 0.22916666666666666 0.12361111111111112 0.07916666666666666
2 0.3861111111111111 0.19166666666666668 0.08611111111111111 0.07083333333333333
2 0.8993055555555556 0.08958333333333333 0.0375 0.05
3 0.5145833333333333 0.265625 0.12638888888888888 0.10625
3 0.55 0.18958333333333333 0.08611111111111111 0.0625
3 0.6131944444444445 0.22604166666666667 0.08194444444444444 0.07291666666666667
3 0.6847222222222222 0.19375 0.058333333333333334 0.058333333333333334
2 0.6270833333333333 0.16354166666666667 0.06527777777777778 0.052083333333333336
3 0.5736111111111111 0.13854166666666667 0.03888888888888889 0.03125
3 0.7263888888888889 0.165625 0.03888888888888889 0.03958333333333333