4 0.88125 0.38958333333333334 0.19583333333333333 0.20416666666666666
3 0.90625 0.14375 0.0375 0.04583333333333333
3 0.83125 0.09166666666666666 0.02361111111111111 0.029166666666666667
2 0.5645833333333333 0.13020833333333334 0.04861111111111111 0.04791666666666667
3 0.5604166666666667 0.16145833333333334 0.06527777777777778 0.04375
3 0.6208333333333333 0.14270833333333333 0.05 0.03958333333333333
3 0.6597222222222222 0.13020833333333334 0.025 0.027083333333333334
3 0.47638888888888886 0.18854166666666666 0.09722222222222222 0.07291666666666667
3 0.10555555555555556 0.2791666666666667 0.15 0.09166666666666666
3 0.16458333333333333 0.29270833333333335 0.08472222222222223 0.08541666666666667
4 0.24027777777777778 0.315625 0.21666666666666667 0.16041666666666668