3 0.9368055555555556 0.371875 0.10138888888888889 0.11041666666666666
3 0.043055555555555555 0.30104166666666665 0.08333333333333333 0.08541666666666667
3 0.1451388888888889 0.30625 0.1736111111111111 0.1125
2 0.27291666666666664 0.38958333333333334 0.20416666666666666 0.1875
2 0.3597222222222222 0.275 0.15833333333333333 0.09583333333333334
3 0.27291666666666664 0.23020833333333332 0.11527777777777778 0.07291666666666667
3 0.4236111111111111 0.20104166666666667 0.09444444444444444 0.06875
3 0.40555555555555556 0.18854166666666666 0.08055555555555556 0.06041666666666667
3 0.48819444444444443 0.1625 0.05138888888888889 0.05
3 0.5270833333333333 0.175 0.07083333333333333 0.05416666666666667
3 0.5847222222222223 0.19166666666666668 0.075 0.058333333333333334
2 0.6958333333333333 0.17916666666666667 0.06666666666666667 0.075
2 0.6583333333333333 0.15208333333333332 0.041666666666666664 0.05
2 0.7833333333333333 0.11458333333333333 0.025 0.041666666666666664
2 0.5854166666666667 0.15208333333333332 0.05694444444444444 0.04583333333333333
2 0.6229166666666667 0.140625 0.04027777777777778 0.052083333333333336