3 0.5194444444444445 0.5927083333333333 0.30277777777777776 0.20625
2 0.725 0.34791666666666665 0.13333333333333333 0.15416666666666667
2 0.9423611111111111 0.2791666666666667 0.10138888888888889 0.0875
3 0.6881944444444444 0.184375 0.05416666666666667 0.03958333333333333
3 0.48055555555555557 0.321875 0.10277777777777777 0.09375
3 0.33958333333333335 0.3416666666666667 0.0875 0.1
3 0.30625 0.2708333333333333 0.059722222222222225 0.075
2 0.4166666666666667 0.25625 0.07222222222222222 0.1
2 0.3 0.21666666666666667 0.06388888888888888 0.07916666666666666
3 0.20347222222222222 0.228125 0.05138888888888889 0.06041666666666667
3 0.22083333333333333 0.17708333333333334 0.044444444444444446 0.05
3 0.3 0.15520833333333334 0.027777777777777776 0.03125
3 0.2652777777777778 0.14583333333333334 0.022222222222222223 0.025
3 0.24513888888888888 0.16458333333333333 0.020833333333333332 0.025
3 0.32222222222222224 0.13645833333333332 0.022222222222222223 0.01875
4 0.35208333333333336 0.09479166666666666 0.05138888888888889 0.04791666666666667
3 0.5520833333333334 0.15833333333333333 0.0375 0.0375
3 0.5138888888888888 0.13541666666666666 0.025 0.020833333333333332