3 0.2791666666666667 0.5375 0.14166666666666666 0.12083333333333333
3 0.34791666666666665 0.41041666666666665 0.10416666666666667 0.0875
3 0.41388888888888886 0.434375 0.09444444444444444 0.10625
2 0.49583333333333335 0.359375 0.07777777777777778 0.08541666666666667
4 0.059722222222222225 0.7114583333333333 0.11666666666666667 0.16041666666666668
3 0.5 0.265625 0.06944444444444445 0.052083333333333336
3 0.5548611111111111 0.26875 0.06527777777777778 0.058333333333333334
3 0.6541666666666667 0.1875 0.041666666666666664 0.0375
3 0.6881944444444444 0.328125 0.0625 0.06041666666666667
2 0.7701388888888889 0.35520833333333335 0.07361111111111111 0.08125
3 0.7381944444444445 0.17083333333333334 0.034722222222222224 0.029166666666666667
2 0.8979166666666667 0.159375 0.04027777777777778 0.04791666666666667
3 0.7944444444444444 0.13958333333333334 0.027777777777777776 0.025
3 0.8597222222222223 0.221875 0.030555555555555555 0.03958333333333333
2 0.8513888888888889 0.171875 0.03888888888888889 0.035416666666666666
2 0.9104166666666667 0.109375 0.020833333333333332 0.027083333333333334