3 0.25972222222222224 0.625 0.20277777777777778 0.12916666666666668
2 0.8131944444444444 0.5135416666666667 0.17916666666666667 0.13125
2 0.9493055555555555 0.3958333333333333 0.07916666666666666 0.09166666666666666
3 0.9527777777777777 0.26875 0.075 0.05416666666666667
3 0.1736111111111111 0.25 0.03888888888888889 0.04583333333333333
3 0.2722222222222222 0.2677083333333333 0.05555555555555555 0.06041666666666667
4 0.33194444444444443 0.25416666666666665 0.058333333333333334 0.06666666666666667
2 0.4027777777777778 0.24791666666666667 0.05277777777777778 0.05416666666666667
3 0.35555555555555557 0.2125 0.041666666666666664 0.04583333333333333
3 0.30277777777777776 0.23020833333333332 0.030555555555555555 0.03958333333333333
3 0.2361111111111111 0.24270833333333333 0.025 0.03125
3 0.27708333333333335 0.21041666666666667 0.034722222222222224 0.041666666666666664
2 0.3326388888888889 0.19375 0.03194444444444444 0.041666666666666664
2 0.2604166666666667 0.18958333333333333 0.029166666666666667 0.041666666666666664
4 0.19791666666666666 0.175 0.04583333333333333 0.058333333333333334
2 0.37083333333333335 0.16875 0.03611111111111111 0.029166666666666667
3 0.28888888888888886 0.13333333333333333 0.025 0.020833333333333332
3 0.4979166666666667 0.203125 0.05138888888888889 0.035416666666666666
0 0.28402777777777777 0.10208333333333333 0.04583333333333333 0.05
2 0.21875 0.10104166666666667 0.015277777777777777 0.022916666666666665