4 0.9090277777777778 0.825 0.18194444444444444 0.3
2 0.9347222222222222 0.46458333333333335 0.11666666666666667 0.15833333333333333
3 0.5979166666666667 0.6020833333333333 0.22083333333333333 0.19166666666666668
2 0.6916666666666667 0.4864583333333333 0.23055555555555557 0.19375
2 0.6354166666666666 0.36041666666666666 0.1763888888888889 0.10833333333333334
4 0.75625 0.290625 0.37083333333333335 0.30625
3 0.9430555555555555 0.32708333333333334 0.1 0.1
2 0.7868055555555555 0.2 0.12361111111111112 0.0625
3 0.35555555555555557 0.478125 0.16111111111111112 0.14375
3 0.4305555555555556 0.39791666666666664 0.14722222222222223 0.11666666666666667
2 0.4201388888888889 0.2989583333333333 0.1486111111111111 0.12291666666666666
2 0.5229166666666667 0.225 0.11805555555555555 0.0875
3 0.39791666666666664 0.190625 0.1125 0.06875
2 0.12986111111111112 0.11666666666666667 0.10138888888888889 0.0875
3 0.09444444444444444 0.16458333333333333 0.09444444444444444 0.0625
3 0.26875 0.15208333333333332 0.07916666666666666 0.075