2 0.19166666666666668 0.18958333333333333 0.10555555555555556 0.07916666666666666
3 0.17777777777777778 0.15104166666666666 0.09444444444444444 0.06458333333333334
3 0.3701388888888889 0.23645833333333333 0.12638888888888888 0.08125
3 0.44583333333333336 0.209375 0.12222222222222222 0.08958333333333333
3 0.5625 0.29583333333333334 0.1527777777777778 0.09583333333333334
2 0.63125 0.24895833333333334 0.19027777777777777 0.13958333333333334
0 0.5118055555555555 0.10833333333333334 0.2569444444444444 0.12916666666666668
3 0.9326388888888889 0.9083333333333333 0.13472222222222222 0.18333333333333332
4 0.7861111111111111 0.3614583333333333 0.2222222222222222 0.13958333333333334
3 0.9104166666666667 0.33645833333333336 0.15694444444444444 0.12291666666666666
3 0.9111111111111111 0.26145833333333335 0.14722222222222223 0.07708333333333334