2 0.07777777777777778 0.12916666666666668 0.12777777777777777 0.11666666666666667
2 0.37430555555555556 0.22604166666666667 0.1375 0.09791666666666667
2 0.42916666666666664 0.478125 0.18888888888888888 0.17708333333333334
3 0.4652777777777778 0.315625 0.13333333333333333 0.10625
2 0.575 0.2791666666666667 0.1638888888888889 0.125
3 0.6777777777777778 0.2708333333333333 0.14722222222222223 0.1
2 0.6083333333333333 0.44895833333333335 0.20555555555555555 0.17708333333333334
2 0.6958333333333333 0.6395833333333333 0.225 0.2375
3 0.9020833333333333 0.5822916666666667 0.1736111111111111 0.16041666666666668
3 0.7375 0.4083333333333333 0.20555555555555555 0.1625
2 0.8347222222222223 0.3625 0.17777777777777778 0.1375
3 0.9208333333333333 0.34270833333333334 0.1361111111111111 0.11041666666666666