3 0.06111111111111111 0.40729166666666666 0.10555555555555556 0.08958333333333333
3 0.4270833333333333 0.48020833333333335 0.09861111111111111 0.13125
3 0.5666666666666667 0.4666666666666667 0.11388888888888889 0.11666666666666667
3 0.6513888888888889 0.31875 0.11944444444444445 0.06666666666666667
2 0.3215277777777778 0.3416666666666667 0.0625 0.0875
3 0.3611111111111111 0.2947916666666667 0.06666666666666667 0.06458333333333334
3 0.44930555555555557 0.2708333333333333 0.07361111111111111 0.058333333333333334
3 0.3597222222222222 0.22395833333333334 0.044444444444444446 0.04375
2 0.2611111111111111 0.25104166666666666 0.05 0.06458333333333334
3 0.18888888888888888 0.284375 0.041666666666666664 0.052083333333333336
3 0.2875 0.2125 0.041666666666666664 0.04583333333333333
2 0.2222222222222222 0.215625 0.03888888888888889 0.04791666666666667
3 0.30694444444444446 0.18333333333333332 0.03888888888888889 0.0375
3 0.1909722222222222 0.18125 0.029166666666666667 0.03333333333333333
3 0.9701388888888889 0.25833333333333336 0.04027777777777778 0.04583333333333333
3 0.9486111111111111 0.228125 0.044444444444444446 0.03125