2 0.08125 0.7552083333333334 0.1486111111111111 0.23125
4 0.13541666666666666 0.5072916666666667 0.08194444444444444 0.16041666666666668
2 0.8083333333333333 0.8083333333333333 0.25 0.19583333333333333
2 0.8715277777777778 0.6729166666666667 0.22083333333333333 0.125
3 0.7847222222222222 0.5875 0.21666666666666667 0.11666666666666667
3 0.04097222222222222 0.415625 0.06527777777777778 0.08541666666666667
2 0.13472222222222222 0.2864583333333333 0.06666666666666667 0.06041666666666667
2 0.19027777777777777 0.290625 0.07222222222222222 0.06458333333333334
3 0.03680555555555556 0.2875 0.059722222222222225 0.041666666666666664
4 0.28680555555555554 0.20208333333333334 0.19305555555555556 0.13333333333333333
3 0.49930555555555556 0.17395833333333333 0.0375 0.027083333333333334
3 0.4548611111111111 0.19375 0.04027777777777778 0.020833333333333332