3 0.9194444444444444 0.8666666666666667 0.1388888888888889 0.25833333333333336
3 0.9333333333333333 0.5208333333333334 0.1111111111111111 0.1125
3 0.9215277777777777 0.403125 0.13472222222222222 0.08541666666666667
2 0.8354166666666667 0.534375 0.1763888888888889 0.13958333333333334
4 0.5875 0.6822916666666666 0.275 0.4270833333333333
2 0.56875 0.471875 0.11805555555555555 0.12291666666666666
2 0.5923611111111111 0.30416666666666664 0.07916666666666666 0.07083333333333333
3 0.39375 0.32083333333333336 0.07083333333333333 0.07083333333333333
2 0.3034722222222222 0.3260416666666667 0.06805555555555555 0.09375
3 0.9555555555555556 0.2635416666666667 0.06666666666666667 0.06041666666666667
2 0.9291666666666667 0.246875 0.075 0.05625
3 0.8104166666666667 0.23125 0.09027777777777778 0.04583333333333333
3 0.3993055555555556 0.253125 0.05694444444444444 0.052083333333333336
2 0.37083333333333335 0.18333333333333332 0.03888888888888889 0.03333333333333333
2 0.45 0.18958333333333333 0.03888888888888889 0.03333333333333333
3 0.30833333333333335 0.153125 0.027777777777777776 0.022916666666666665