3 0.6263888888888889 0.3645833333333333 0.08333333333333333 0.058333333333333334
3 0.7375 0.921875 0.2 0.15625
2 0.4826388888888889 0.9145833333333333 0.1736111111111111 0.17083333333333334
2 0.5118055555555555 0.6666666666666666 0.15694444444444444 0.19583333333333333
2 0.3548611111111111 0.734375 0.14027777777777778 0.22291666666666668
3 0.3347222222222222 0.475 0.09166666666666666 0.09166666666666666
3 0.24444444444444444 0.546875 0.08888888888888889 0.13541666666666666
3 0.1986111111111111 0.42916666666666664 0.06944444444444445 0.07916666666666666
2 0.06736111111111111 0.3614583333333333 0.04861111111111111 0.07291666666666667
2 0.29097222222222224 0.38333333333333336 0.07361111111111111 0.08333333333333333
3 0.23402777777777778 0.34479166666666666 0.04861111111111111 0.06041666666666667
2 0.14722222222222223 0.346875 0.06111111111111111 0.07708333333333334