2 0.7527777777777778 0.6427083333333333 0.18611111111111112 0.21041666666666667
2 0.7916666666666666 0.496875 0.19444444444444445 0.16458333333333333
2 0.46041666666666664 0.5395833333333333 0.13472222222222222 0.16666666666666666
3 0.5409722222222222 0.44166666666666665 0.10972222222222222 0.10833333333333334
2 0.7486111111111111 0.32708333333333334 0.09722222222222222 0.07083333333333333
2 0.7972222222222223 0.23020833333333332 0.08611111111111111 0.052083333333333336
3 0.9680555555555556 0.2625 0.041666666666666664 0.05416666666666667
4 0.9354166666666667 0.24791666666666667 0.09305555555555556 0.05416666666666667
3 0.45694444444444443 0.290625 0.06666666666666667 0.06041666666666667
3 0.3763888888888889 0.3072916666666667 0.06111111111111111 0.06041666666666667
2 0.28680555555555554 0.31354166666666666 0.05694444444444444 0.06875
3 0.08194444444444444 0.3958333333333333 0.10555555555555556 0.07083333333333333
2 0.17777777777777778 0.2989583333333333 0.041666666666666664 0.06875
3 0.24027777777777778 0.24895833333333334 0.044444444444444446 0.04791666666666667
3 0.2881944444444444 0.22291666666666668 0.04583333333333333 0.04583333333333333
2 0.41944444444444445 0.16875 0.03888888888888889 0.03333333333333333
3 0.17083333333333334 0.24583333333333332 0.03611111111111111 0.04583333333333333
2 0.2125 0.20104166666666667 0.03611111111111111 0.052083333333333336
3 0.24583333333333332 0.17708333333333334 0.03333333333333333 0.0375
3 0.22152777777777777 0.16041666666666668 0.02638888888888889 0.029166666666666667
3 0.18680555555555556 0.178125 0.02638888888888889 0.03125
3 0.2048611111111111 0.15208333333333332 0.018055555555555554 0.020833333333333332
3 0.17430555555555555 0.16041666666666668 0.02638888888888889 0.025
3 0.6423611111111112 0.14479166666666668 0.05416666666666667 0.035416666666666666