3 0.9576388888888889 0.46145833333333336 0.07083333333333333 0.07291666666666667
3 0.08055555555555556 0.3104166666666667 0.10833333333333334 0.058333333333333334
3 0.22847222222222222 0.278125 0.08194444444444444 0.04791666666666667
3 0.2604166666666667 0.30833333333333335 0.07916666666666666 0.058333333333333334
3 0.3284722222222222 0.25104166666666666 0.06805555555555555 0.04375
3 0.3597222222222222 0.2989583333333333 0.075 0.05625
2 0.41388888888888886 0.3072916666666667 0.06666666666666667 0.06875
2 0.4527777777777778 0.34479166666666666 0.08888888888888889 0.08958333333333333
2 0.5368055555555555 0.29375 0.07083333333333333 0.0625
2 0.48819444444444443 0.26458333333333334 0.059722222222222225 0.0625
2 0.41041666666666665 0.21979166666666666 0.05138888888888889 0.04791666666666667