2 0.7756944444444445 0.7947916666666667 0.2986111111111111 0.21458333333333332
3 0.27569444444444446 0.6479166666666667 0.22361111111111112 0.13333333333333333
3 0.2520833333333333 0.3770833333333333 0.12083333333333333 0.06666666666666667
3 0.5194444444444445 0.28229166666666666 0.06388888888888888 0.04791666666666667
3 0.3215277777777778 0.2916666666666667 0.06805555555555555 0.05
3 0.4013888888888889 0.259375 0.06666666666666667 0.06041666666666667
3 0.25972222222222224 0.28854166666666664 0.06666666666666667 0.05625
2 0.2875 0.24166666666666667 0.06944444444444445 0.04583333333333333
3 0.1840277777777778 0.2864583333333333 0.07083333333333333 0.04791666666666667
3 0.12430555555555556 0.2916666666666667 0.0763888888888889 0.05
3 0.04375 0.27708333333333335 0.07083333333333333 0.058333333333333334
2 0.23055555555555557 0.246875 0.058333333333333334 0.05625
2 0.36180555555555555 0.21666666666666667 0.05694444444444444 0.05
2 0.42777777777777776 0.18958333333333333 0.05277777777777778 0.05416666666666667