3 0.9118055555555555 0.4895833333333333 0.1486111111111111 0.1125
3 0.95625 0.4395833333333333 0.06805555555555555 0.07083333333333333
3 0.9388888888888889 0.26458333333333334 0.09444444444444444 0.06666666666666667
2 0.8965277777777778 0.22291666666666668 0.08194444444444444 0.05416666666666667
3 0.5604166666666667 0.4479166666666667 0.10972222222222222 0.10416666666666667
2 0.5 0.5729166666666666 0.1361111111111111 0.17916666666666667
2 0.3333333333333333 0.36041666666666666 0.06666666666666667 0.08333333333333333
2 0.3701388888888889 0.2875 0.05694444444444444 0.06666666666666667
3 0.2625 0.26979166666666665 0.04722222222222222 0.052083333333333336
3 0.27569444444444446 0.21666666666666667 0.0375 0.041666666666666664
0 0.20694444444444443 0.184375 0.05 0.06875
3 0.24444444444444444 0.171875 0.03333333333333333 0.035416666666666666
3 0.17430555555555555 0.15833333333333333 0.02361111111111111 0.029166666666666667
3 0.16111111111111112 0.146875 0.022222222222222223 0.027083333333333334
3 0.15069444444444444 0.13125 0.020833333333333332 0.020833333333333332