3 0.1451388888888889 0.5 0.15138888888888888 0.09583333333333334
3 0.34305555555555556 0.4791666666666667 0.15 0.09166666666666666
3 0.9027777777777778 0.5947916666666667 0.1361111111111111 0.11458333333333333
4 0.21041666666666667 0.30416666666666664 0.10138888888888889 0.07916666666666666
2 0.28958333333333336 0.303125 0.07916666666666666 0.06458333333333334
3 0.35347222222222224 0.278125 0.06527777777777778 0.04791666666666667
3 0.18472222222222223 0.2833333333333333 0.08055555555555556 0.0625
3 0.11944444444444445 0.290625 0.06666666666666667 0.052083333333333336
3 0.12638888888888888 0.265625 0.075 0.04375
2 0.30277777777777776 0.23854166666666668 0.06944444444444445 0.052083333333333336
2 0.20694444444444443 0.2375 0.06111111111111111 0.0375