3 0.2902777777777778 0.6375 0.19444444444444445 0.13333333333333333
2 0.14444444444444443 0.40520833333333334 0.1388888888888889 0.08125
3 0.11805555555555555 0.2635416666666667 0.09166666666666666 0.05625
3 0.13541666666666666 0.28854166666666664 0.07361111111111111 0.04791666666666667
2 0.21736111111111112 0.265625 0.0875 0.09375
2 0.30416666666666664 0.24166666666666667 0.06666666666666667 0.05
2 0.3715277777777778 0.21979166666666666 0.05138888888888889 0.04375
3 0.35625 0.21041666666666667 0.04861111111111111 0.041666666666666664
3 0.4361111111111111 0.19270833333333334 0.04722222222222222 0.035416666666666666
3 0.49583333333333335 0.17604166666666668 0.03888888888888889 0.027083333333333334
3 0.5361111111111111 0.16145833333333334 0.03888888888888889 0.03125
3 0.5111111111111111 0.146875 0.03333333333333333 0.03125