3 0.7159722222222222 0.603125 0.16805555555555557 0.16041666666666668
3 0.8076388888888889 0.3614583333333333 0.10972222222222222 0.07708333333333334
3 0.9701388888888889 0.225 0.0375 0.03333333333333333
3 0.9069444444444444 0.25416666666666665 0.08333333333333333 0.05
3 0.8666666666666667 0.22916666666666666 0.06944444444444445 0.04583333333333333
3 0.7784722222222222 0.23229166666666667 0.0875 0.052083333333333336
4 0.6208333333333333 0.2635416666666667 0.08888888888888889 0.06458333333333334
2 0.5875 0.29583333333333334 0.075 0.058333333333333334
4 0.2513888888888889 0.22291666666666668 0.11666666666666667 0.17083333333333334
3 0.46944444444444444 0.23229166666666667 0.05 0.04375
3 0.5201388888888889 0.21770833333333334 0.05138888888888889 0.04375
2 0.40902777777777777 0.19375 0.043055555555555555 0.041666666666666664
3 0.4423611111111111 0.18020833333333333 0.034722222222222224 0.03125
3 0.30694444444444446 0.14375 0.030555555555555555 0.03333333333333333
3 0.37916666666666665 0.15520833333333334 0.03333333333333333 0.027083333333333334
3 0.36041666666666666 0.178125 0.034722222222222224 0.022916666666666665
4 0.1736111111111111 0.14375 0.05555555555555555 0.09583333333333334