4 0.81875 0.728125 0.3625 0.42291666666666666
2 0.10972222222222222 0.55 0.13333333333333333 0.11666666666666667
2 0.3229166666666667 0.40208333333333335 0.1125 0.08333333333333333
3 0.40208333333333335 0.30833333333333335 0.07083333333333333 0.05416666666666667
3 0.03958333333333333 0.5041666666666667 0.0763888888888889 0.0875
3 0.03611111111111111 0.35833333333333334 0.06944444444444445 0.0875
3 0.1326388888888889 0.28541666666666665 0.08472222222222223 0.05
2 0.2951388888888889 0.24583333333333332 0.07916666666666666 0.0625
3 0.28125 0.225 0.07083333333333333 0.05416666666666667
2 0.3819444444444444 0.19479166666666667 0.05 0.04375
3 0.42916666666666664 0.19791666666666666 0.04722222222222222 0.03333333333333333
3 0.5097222222222222 0.16458333333333333 0.03611111111111111 0.029166666666666667
3 0.5652777777777778 0.14479166666666668 0.03333333333333333 0.03125
3 0.5979166666666667 0.13645833333333332 0.034722222222222224 0.022916666666666665