3 0.7881944444444444 0.8197916666666667 0.30694444444444446 0.17708333333333334
2 0.4395833333333333 0.6864583333333333 0.24027777777777778 0.16875
3 0.18333333333333332 0.603125 0.19444444444444445 0.14375
3 0.4618055555555556 0.43854166666666666 0.10972222222222222 0.07708333333333334
2 0.3055555555555556 0.29270833333333335 0.075 0.06458333333333334
3 0.3298611111111111 0.25416666666666665 0.0625 0.05416666666666667
3 0.3638888888888889 0.26666666666666666 0.05555555555555555 0.05416666666666667
2 0.2520833333333333 0.28125 0.07083333333333333 0.05416666666666667
2 0.17708333333333334 0.2833333333333333 0.07361111111111111 0.058333333333333334
3 0.14027777777777778 0.28229166666666666 0.06388888888888888 0.052083333333333336
3 0.19722222222222222 0.23645833333333333 0.05555555555555555 0.04791666666666667
3 0.2701388888888889 0.246875 0.04861111111111111 0.04375
3 0.40208333333333335 0.228125 0.05138888888888889 0.03958333333333333