0 0.3020833333333333 0.29791666666666666 0.3625 0.25
0 0.10069444444444445 0.13125 0.13472222222222222 0.09166666666666666
3 0.22083333333333333 0.15208333333333332 0.09722222222222222 0.07083333333333333
2 0.5125 0.33125 0.1527777777777778 0.1375
2 0.5409722222222222 0.26666666666666666 0.14027777777777778 0.10833333333333334
2 0.5798611111111112 0.23854166666666668 0.14027777777777778 0.10625
3 0.4166666666666667 0.4947916666666667 0.18888888888888888 0.17291666666666666
0 0.7618055555555555 0.6916666666666667 0.47638888888888886 0.5791666666666667
4 0.7763888888888889 0.421875 0.25277777777777777 0.16458333333333333
2 0.8583333333333333 0.36770833333333336 0.20277777777777778 0.14375
3 0.8340277777777778 0.31666666666666665 0.16527777777777777 0.08333333333333333