2 0.07916666666666666 0.7354166666666667 0.10833333333333334 0.225
3 0.45208333333333334 0.8875 0.19305555555555556 0.225
3 0.6770833333333334 0.8697916666666666 0.22083333333333333 0.2604166666666667
2 0.7027777777777777 0.5583333333333333 0.16944444444444445 0.14583333333333334
2 0.8611111111111112 0.45416666666666666 0.12777777777777777 0.0875
2 0.7305555555555555 0.3802083333333333 0.09722222222222222 0.07291666666666667
2 0.45902777777777776 0.6041666666666666 0.12083333333333333 0.1625
3 0.3013888888888889 0.6625 0.11666666666666667 0.16666666666666666
2 0.3597222222222222 0.49166666666666664 0.09722222222222222 0.12083333333333333
3 0.20694444444444443 0.48541666666666666 0.075 0.1
3 0.2916666666666667 0.42604166666666665 0.075 0.08125
3 0.1798611111111111 0.39895833333333336 0.059722222222222225 0.07291666666666667
3 0.15416666666666667 0.334375 0.04722222222222222 0.06875
2 0.24305555555555555 0.346875 0.06666666666666667 0.07708333333333334
3 0.5944444444444444 0.31354166666666666 0.08055555555555556 0.06041666666666667
3 0.50625 0.2791666666666667 0.0763888888888889 0.058333333333333334
3 0.45069444444444445 0.2552083333333333 0.05416666666666667 0.03958333333333333
3 0.37083333333333335 0.24895833333333334 0.05277777777777778 0.03958333333333333
3 0.40694444444444444 0.2375 0.04722222222222222 0.03333333333333333
3 0.37569444444444444 0.21666666666666667 0.0375 0.03333333333333333
2 0.33819444444444446 0.19895833333333332 0.034722222222222224 0.03125