3 0.5597222222222222 0.8708333333333333 0.20833333333333334 0.25833333333333336
2 0.5791666666666667 0.5052083333333334 0.11666666666666667 0.12708333333333333
3 0.7805555555555556 0.2520833333333333 0.03888888888888889 0.041666666666666664
2 0.29375 0.2875 0.07916666666666666 0.0625
2 0.3506944444444444 0.30104166666666665 0.08472222222222223 0.07291666666666667
2 0.40069444444444446 0.31666666666666665 0.09305555555555556 0.08333333333333333
3 0.48541666666666666 0.28020833333333334 0.0625 0.052083333333333336
3 0.5506944444444445 0.24375 0.05694444444444444 0.05416666666666667
3 0.5159722222222223 0.22916666666666666 0.05138888888888889 0.0375
2 0.44930555555555557 0.253125 0.06527777777777778 0.06041666666666667
3 0.3923611111111111 0.25104166666666666 0.0625 0.04375