2 0.19236111111111112 0.8083333333333333 0.24027777777777778 0.25833333333333336
3 0.21319444444444444 0.653125 0.19305555555555556 0.14791666666666667
3 0.10277777777777777 0.6260416666666667 0.18055555555555555 0.14375
3 0.4534722222222222 0.4010416666666667 0.1125 0.08125
2 0.40694444444444444 0.49375 0.11388888888888889 0.12083333333333333
2 0.5548611111111111 0.4010416666666667 0.0763888888888889 0.08125
3 0.65 0.33958333333333335 0.05555555555555555 0.05416666666666667
2 0.3055555555555556 0.30520833333333336 0.08611111111111111 0.04791666666666667
3 0.24166666666666667 0.33541666666666664 0.08055555555555556 0.0375
2 0.2263888888888889 0.290625 0.06944444444444445 0.04375
2 0.3298611111111111 0.28229166666666666 0.0625 0.03958333333333333
3 0.39375 0.23125 0.04861111111111111 0.029166666666666667