4 0.13333333333333333 0.596875 0.22777777777777777 0.18541666666666667
3 0.1763888888888889 0.4666666666666667 0.15 0.10833333333333334
4 0.3034722222222222 0.5916666666666667 0.20972222222222223 0.19166666666666668
2 0.36666666666666664 0.434375 0.13333333333333333 0.13125
2 0.3326388888888889 0.3770833333333333 0.10972222222222222 0.09166666666666666
2 0.44027777777777777 0.30833333333333335 0.08333333333333333 0.07916666666666666
2 0.4875 0.34479166666666666 0.09444444444444444 0.08958333333333333
3 0.6048611111111111 0.3572916666666667 0.08194444444444444 0.07708333333333334
3 0.5694444444444444 0.296875 0.07222222222222222 0.06875
2 0.5368055555555555 0.2552083333333333 0.059722222222222225 0.07291666666666667
3 0.6472222222222223 0.24479166666666666 0.05 0.052083333333333336
3 0.6958333333333333 0.265625 0.05555555555555555 0.06041666666666667
2 0.8444444444444444 0.2989583333333333 0.05 0.06041666666666667
3 0.5465277777777777 0.09583333333333334 0.05138888888888889 0.020833333333333332
3 0.6763888888888889 0.18333333333333332 0.03611111111111111 0.0375
2 0.7104166666666667 0.19166666666666668 0.043055555555555555 0.04583333333333333
2 0.75 0.21666666666666667 0.041666666666666664 0.05