3 0.175 0.875 0.15555555555555556 0.25
4 0.6763888888888889 0.7583333333333333 0.5555555555555556 0.48333333333333334
3 0.7770833333333333 0.7083333333333334 0.1986111111111111 0.21666666666666667
3 0.55625 0.51875 0.13194444444444445 0.12916666666666668
2 0.4673611111111111 0.4041666666666667 0.09027777777777778 0.1
3 0.36180555555555555 0.4395833333333333 0.09027777777777778 0.1
3 0.19375 0.396875 0.05694444444444444 0.09375
3 0.25972222222222224 0.30833333333333335 0.05 0.05416666666666667
3 0.3736111111111111 0.35 0.06666666666666667 0.07083333333333333
3 0.26805555555555555 0.24895833333333334 0.044444444444444446 0.04375
2 0.3229166666666667 0.2875 0.05694444444444444 0.07083333333333333
4 0.40347222222222223 0.253125 0.08472222222222223 0.08541666666666667
3 0.9472222222222222 0.26666666666666666 0.06944444444444445 0.05
2 0.8034722222222223 0.14583333333333334 0.05694444444444444 0.041666666666666664
2 0.8194444444444444 0.23020833333333332 0.09444444444444444 0.04791666666666667
3 0.33194444444444443 0.18854166666666666 0.030555555555555555 0.03125
3 0.1638888888888889 0.18645833333333334 0.027777777777777776 0.022916666666666665
3 0.17152777777777778 0.15833333333333333 0.020833333333333332 0.025