3 0.12361111111111112 0.7677083333333333 0.2111111111111111 0.22708333333333333
2 0.08472222222222223 0.6166666666666667 0.16666666666666666 0.175
3 0.10555555555555556 0.24166666666666667 0.075 0.041666666666666664
2 0.6243055555555556 0.471875 0.10972222222222222 0.13958333333333334
2 0.42986111111111114 0.47708333333333336 0.12916666666666668 0.1375
3 0.8659722222222223 0.31354166666666666 0.06527777777777778 0.07708333333333334
3 0.7708333333333334 0.309375 0.06111111111111111 0.05625
3 0.5826388888888889 0.3541666666666667 0.08472222222222223 0.09166666666666666
3 0.46875 0.3020833333333333 0.07916666666666666 0.0625
3 0.5993055555555555 0.28125 0.06805555555555555 0.05
3 0.6048611111111111 0.22083333333333333 0.0625 0.04583333333333333
3 0.6979166666666666 0.2125 0.04861111111111111 0.03333333333333333
3 0.6819444444444445 0.18125 0.03611111111111111 0.029166666666666667
3 0.7618055555555555 0.16875 0.04027777777777778 0.0375