4 0.5576388888888889 0.6708333333333333 0.2875 0.3875
2 0.7368055555555556 0.6604166666666667 0.17916666666666667 0.2
2 0.23333333333333334 0.8666666666666667 0.13055555555555556 0.26666666666666666
3 0.5458333333333333 0.5125 0.11666666666666667 0.11666666666666667
2 0.3951388888888889 0.490625 0.09861111111111111 0.13541666666666666
2 0.45694444444444443 0.4166666666666667 0.09166666666666666 0.10416666666666667
3 0.3263888888888889 0.4010416666666667 0.06944444444444445 0.08541666666666667
3 0.4861111111111111 0.334375 0.08055555555555556 0.06458333333333334
2 0.5638888888888889 0.3072916666666667 0.07222222222222222 0.05625
3 0.27291666666666664 0.34270833333333334 0.0625 0.06875
4 0.3770833333333333 0.2375 0.09027777777777778 0.09166666666666666
3 0.2986111111111111 0.2760416666666667 0.05 0.04791666666666667
3 0.24583333333333332 0.3072916666666667 0.04722222222222222 0.05625
2 0.22083333333333333 0.265625 0.04722222222222222 0.06458333333333334
2 0.19791666666666666 0.25 0.029166666666666667 0.04583333333333333
3 0.18194444444444444 0.22291666666666668 0.03333333333333333 0.041666666666666664
2 0.3625 0.153125 0.044444444444444446 0.03125
3 0.7923611111111111 0.15104166666666666 0.059722222222222225 0.03125
3 0.8611111111111112 0.24895833333333334 0.08611111111111111 0.05625