3 0.9333333333333333 0.46458333333333335 0.10833333333333334 0.0875
3 0.7208333333333333 0.37395833333333334 0.06944444444444445 0.05625
3 0.6791666666666667 0.28229166666666666 0.05 0.03958333333333333
4 0.49166666666666664 0.31145833333333334 0.06111111111111111 0.08958333333333333
4 0.4486111111111111 0.425 0.06666666666666667 0.09166666666666666
3 0.43194444444444446 0.234375 0.03333333333333333 0.035416666666666666
3 0.5201388888888889 0.20625 0.03194444444444444 0.029166666666666667
3 0.42291666666666666 0.20208333333333334 0.03194444444444444 0.029166666666666667
3 0.36944444444444446 0.209375 0.027777777777777776 0.03125
3 0.39166666666666666 0.15729166666666666 0.025 0.027083333333333334
3 0.48541666666666666 0.175 0.02361111111111111 0.020833333333333332