3 0.26319444444444445 0.21666666666666667 0.034722222222222224 0.041666666666666664
3 0.2673611111111111 0.28229166666666666 0.034722222222222224 0.05625
0 0.34652777777777777 0.315625 0.04583333333333333 0.05625
0 0.5048611111111111 0.471875 0.07361111111111111 0.09375
0 0.38055555555555554 0.4125 0.05555555555555555 0.07916666666666666
2 0.4236111111111111 0.5395833333333333 0.08611111111111111 0.12916666666666668
2 0.2861111111111111 0.5364583333333334 0.08333333333333333 0.13958333333333334
2 0.27708333333333335 0.4270833333333333 0.059722222222222225 0.09166666666666666
2 0.27708333333333335 0.3375 0.04583333333333333 0.075
2 0.32569444444444445 0.26458333333333334 0.04027777777777778 0.058333333333333334
2 0.40555555555555556 0.29375 0.05 0.058333333333333334
3 0.2902777777777778 0.159375 0.019444444444444445 0.022916666666666665