4 0.39375 0.634375 0.1875 0.16875
3 0.32569444444444445 0.44166666666666665 0.06805555555555555 0.07916666666666666
3 0.44027777777777777 0.2635416666666667 0.030555555555555555 0.035416666666666666
3 0.3458333333333333 0.35104166666666664 0.044444444444444446 0.06458333333333334
3 0.3472222222222222 0.2989583333333333 0.03611111111111111 0.03958333333333333
3 0.3402777777777778 0.26979166666666665 0.03333333333333333 0.027083333333333334
3 0.35208333333333336 0.24583333333333332 0.029166666666666667 0.025
3 0.35555555555555557 0.225 0.027777777777777776 0.029166666666666667
3 0.36666666666666664 0.20729166666666668 0.027777777777777776 0.03125
3 0.3888888888888889 0.19375 0.025 0.025
3 0.9333333333333333 0.403125 0.09166666666666666 0.06458333333333334
2 0.9229166666666667 0.3625 0.07916666666666666 0.06666666666666667