2 0.4361111111111111 0.14791666666666667 0.041666666666666664 0.041666666666666664
2 0.8055555555555556 0.33541666666666664 0.1 0.08333333333333333
0 0.875 0.71875 0.25 0.43333333333333335
3 0.8027777777777778 0.9104166666666667 0.225 0.17916666666666667
3 0.5083333333333333 0.9145833333333333 0.175 0.17083333333333334
2 0.5576388888888889 0.60625 0.1597222222222222 0.20416666666666666
4 0.31527777777777777 0.471875 0.15 0.24791666666666667
2 0.44166666666666665 0.43333333333333335 0.10277777777777777 0.13333333333333333
3 0.26666666666666666 0.34270833333333334 0.06666666666666667 0.09375
2 0.36527777777777776 0.315625 0.06944444444444445 0.09375
4 0.22152777777777777 0.2375 0.07083333333333333 0.12083333333333333
3 0.28888888888888886 0.23125 0.04722222222222222 0.05