3 0.09444444444444444 0.209375 0.027777777777777776 0.03125
2 0.17291666666666666 0.21666666666666667 0.043055555555555555 0.05416666666666667
3 0.37083333333333335 0.3229166666666667 0.06944444444444445 0.05416666666666667
2 0.5006944444444444 0.45208333333333334 0.12638888888888888 0.11666666666666667
3 0.7534722222222222 0.22708333333333333 0.02638888888888889 0.03333333333333333
3 0.7645833333333333 0.2677083333333333 0.0375 0.06041666666666667
2 0.8138888888888889 0.23645833333333333 0.03333333333333333 0.03958333333333333
2 0.9090277777777778 0.28958333333333336 0.05138888888888889 0.06666666666666667
2 0.8798611111111111 0.24479166666666666 0.034722222222222224 0.052083333333333336
3 0.8548611111111111 0.215625 0.02638888888888889 0.03125
2 0.8236111111111111 0.17395833333333333 0.025 0.03125
3 0.7395833333333334 0.15520833333333334 0.020833333333333332 0.01875
3 0.7645833333333333 0.13020833333333334 0.020833333333333332 0.027083333333333334
4 0.7590277777777777 0.10520833333333333 0.02638888888888889 0.04375