3 0.44305555555555554 0.8552083333333333 0.18888888888888888 0.28958333333333336
3 0.6541666666666667 0.7854166666666667 0.19444444444444445 0.25416666666666665
2 0.7756944444444445 0.634375 0.1875 0.20625
3 0.9076388888888889 0.6333333333333333 0.16805555555555557 0.1875
2 0.6208333333333333 0.4864583333333333 0.12222222222222222 0.14791666666666667
2 0.7263888888888889 0.44583333333333336 0.17222222222222222 0.18333333333333332
2 0.7361111111111112 0.35625 0.11944444444444445 0.1
2 0.5993055555555555 0.35520833333333335 0.09305555555555556 0.09791666666666667
3 0.5305555555555556 0.403125 0.09722222222222222 0.10208333333333333
2 0.5166666666666667 0.2760416666666667 0.09444444444444444 0.11875
2 0.45208333333333334 0.321875 0.08194444444444444 0.08958333333333333
2 0.4465277777777778 0.240625 0.05694444444444444 0.06041666666666667
2 0.3597222222222222 0.23125 0.05 0.058333333333333334
3 0.24166666666666667 0.2708333333333333 0.05 0.06666666666666667
2 0.37916666666666665 0.3770833333333333 0.08055555555555556 0.10833333333333334
3 0.3972222222222222 0.27708333333333335 0.05555555555555555 0.05416666666666667
3 0.1986111111111111 0.175 0.027777777777777776 0.029166666666666667