2 0.65 0.8729166666666667 0.18055555555555555 0.25416666666666665
3 0.18194444444444444 0.859375 0.1527777777777778 0.28125
2 0.4326388888888889 0.5395833333333333 0.10972222222222222 0.14166666666666666
3 0.47638888888888886 0.2791666666666667 0.06666666666666667 0.05416666666666667
3 0.9583333333333334 0.21145833333333333 0.06388888888888888 0.03958333333333333
3 0.7722222222222223 0.15520833333333334 0.04722222222222222 0.035416666666666666
3 0.20902777777777778 0.409375 0.06805555555555555 0.08541666666666667
2 0.3 0.3625 0.06944444444444445 0.09166666666666666
2 0.21875 0.2635416666666667 0.0625 0.07708333333333334
3 0.1451388888888889 0.24583333333333332 0.034722222222222224 0.04583333333333333
3 0.125 0.2125 0.03888888888888889 0.041666666666666664
2 0.3993055555555556 0.13541666666666666 0.04027777777777778 0.03333333333333333
3 0.3506944444444444 0.14895833333333333 0.04583333333333333 0.022916666666666665