3 0.8777777777777778 0.821875 0.2222222222222222 0.2520833333333333
2 0.5659722222222222 0.6927083333333334 0.1986111111111111 0.26875
3 0.6263888888888889 0.6 0.14722222222222223 0.14583333333333334
3 0.41597222222222224 0.5177083333333333 0.10972222222222222 0.12708333333333333
3 0.4625 0.41875 0.09166666666666666 0.09583333333333334
2 0.34375 0.4114583333333333 0.0875 0.11458333333333333
4 0.3597222222222222 0.3 0.09444444444444444 0.13333333333333333
2 0.29097222222222224 0.3458333333333333 0.07361111111111111 0.10416666666666667
2 0.2986111111111111 0.26979166666666665 0.03888888888888889 0.04791666666666667
3 0.24305555555555555 0.303125 0.044444444444444446 0.05625
2 0.21388888888888888 0.2552083333333333 0.03611111111111111 0.04791666666666667
3 0.1486111111111111 0.27395833333333336 0.03888888888888889 0.04375
3 0.2708333333333333 0.246875 0.03611111111111111 0.052083333333333336