4 0.8541666666666666 0.6489583333333333 0.12777777777777777 0.33958333333333335
3 0.8430555555555556 0.3125 0.04722222222222222 0.058333333333333334
3 0.9423611111111111 0.2947916666666667 0.043055555555555555 0.052083333333333336
3 0.9388888888888889 0.25 0.03888888888888889 0.041666666666666664
3 0.8597222222222223 0.2520833333333333 0.03611111111111111 0.04583333333333333
3 0.8854166666666666 0.20520833333333333 0.029166666666666667 0.035416666666666666
3 0.9180555555555555 0.11770833333333333 0.019444444444444445 0.01875
3 0.9305555555555556 0.09375 0.013888888888888888 0.016666666666666666
3 0.8979166666666667 0.178125 0.02638888888888889 0.03125
3 0.7319444444444444 0.190625 0.03611111111111111 0.03125
2 0.8201388888888889 0.41770833333333335 0.06805555555555555 0.08541666666666667
2 0.95 0.209375 0.03611111111111111 0.04375
2 0.9506944444444444 0.16770833333333332 0.0375 0.04791666666666667
2 0.9583333333333334 0.128125 0.016666666666666666 0.022916666666666665
2 0.9604166666666667 0.09583333333333334 0.018055555555555554 0.020833333333333332
2 0.69375 0.18229166666666666 0.0375 0.03958333333333333
2 0.9055555555555556 0.14375 0.022222222222222223 0.029166666666666667
2 0.9333333333333333 0.13125 0.022222222222222223 0.025