2 0.8263888888888888 0.3958333333333333 0.07222222222222222 0.0875
2 0.7847222222222222 0.3125 0.058333333333333334 0.06666666666666667
4 0.6527777777777778 0.175 0.1111111111111111 0.1125
3 0.6270833333333333 0.2375 0.05138888888888889 0.0375
3 0.5513888888888889 0.24375 0.06388888888888888 0.058333333333333334
4 0.56875 0.26875 0.06805555555555555 0.058333333333333334
3 0.46458333333333335 0.2916666666666667 0.06805555555555555 0.058333333333333334
3 0.50625 0.309375 0.07083333333333333 0.06041666666666667
3 0.7638888888888888 0.15 0.027777777777777776 0.029166666666666667
3 0.8347222222222223 0.11041666666666666 0.019444444444444445 0.020833333333333332
3 0.9069444444444444 0.228125 0.030555555555555555 0.035416666666666666
3 0.9298611111111111 0.16666666666666666 0.03194444444444444 0.029166666666666667