4 0.22013888888888888 0.209375 0.059722222222222225 0.12291666666666666
2 0.23333333333333334 0.13125 0.03888888888888889 0.05416666666666667
2 0.29097222222222224 0.21666666666666667 0.04583333333333333 0.06666666666666667
3 0.4548611111111111 0.15416666666666667 0.0375 0.03333333333333333
3 0.23819444444444443 0.309375 0.0625 0.08541666666666667
3 0.33125 0.28229166666666666 0.06527777777777778 0.06458333333333334
3 0.2916666666666667 0.3958333333333333 0.07777777777777778 0.10833333333333334
3 0.4236111111111111 0.403125 0.09444444444444444 0.10625
3 0.37222222222222223 0.5677083333333334 0.11666666666666667 0.16458333333333333
4 0.5243055555555556 0.559375 0.15138888888888888 0.18125
2 0.5305555555555556 0.890625 0.18333333333333332 0.21875
2 0.8097222222222222 0.8614583333333333 0.29444444444444445 0.27708333333333335
3 0.75625 0.3104166666666667 0.09027777777777778 0.058333333333333334