4 0.8361111111111111 0.7989583333333333 0.3055555555555556 0.39375
4 0.44166666666666665 0.8177083333333334 0.28888888888888886 0.23958333333333334
2 0.7590277777777777 0.5052083333333334 0.07916666666666666 0.10625
3 0.8305555555555556 0.384375 0.075 0.05625
3 0.6944444444444444 0.34479166666666666 0.07222222222222222 0.06875
3 0.5305555555555556 0.4114583333333333 0.06944444444444445 0.07291666666666667
3 0.44027777777777777 0.409375 0.075 0.09375
3 0.23541666666666666 0.446875 0.09861111111111111 0.08958333333333333
2 0.3111111111111111 0.328125 0.03611111111111111 0.06875
2 0.49027777777777776 0.328125 0.05277777777777778 0.06041666666666667
3 0.4673611111111111 0.2916666666666667 0.03194444444444444 0.041666666666666664
3 0.42986111111111114 0.23333333333333334 0.029166666666666667 0.03333333333333333
3 0.3138888888888889 0.21979166666666666 0.027777777777777776 0.03125
3 0.36527777777777776 0.21145833333333333 0.027777777777777776 0.027083333333333334
3 0.3763888888888889 0.24270833333333333 0.030555555555555555 0.035416666666666666
3 0.4097222222222222 0.19895833333333332 0.030555555555555555 0.035416666666666666
3 0.46041666666666664 0.20625 0.03194444444444444 0.025