3 0.5006944444444444 0.5239583333333333 0.0875 0.08125
3 0.6430555555555556 0.4041666666666667 0.06388888888888888 0.09583333333333334
3 0.5465277777777777 0.38958333333333334 0.04861111111111111 0.07083333333333333
2 0.9340277777777778 0.37604166666666666 0.07916666666666666 0.06875
2 0.5618055555555556 0.30104166666666665 0.034722222222222224 0.03958333333333333
2 0.5159722222222223 0.31875 0.034722222222222224 0.041666666666666664
2 0.48541666666666666 0.26458333333333334 0.03194444444444444 0.03333333333333333
2 0.4826388888888889 0.21770833333333334 0.018055555555555554 0.03125
4 0.2611111111111111 0.8854166666666666 0.3888888888888889 0.22916666666666666
2 0.9597222222222223 0.40625 0.07777777777777778 0.075
2 0.5236111111111111 0.25625 0.025 0.03333333333333333
2 0.5215277777777778 0.23020833333333332 0.020833333333333332 0.027083333333333334