2 0.9381944444444444 0.840625 0.12361111111111112 0.21458333333333332
3 0.8097222222222222 0.9354166666666667 0.19444444444444445 0.12916666666666668
2 0.3770833333333333 0.5875 0.1125 0.19166666666666668
2 0.5055555555555555 0.5427083333333333 0.13333333333333333 0.18958333333333333
3 0.6381944444444444 0.5041666666666667 0.16527777777777777 0.16666666666666666
3 0.7069444444444445 0.4583333333333333 0.125 0.12083333333333333
3 0.2722222222222222 0.36666666666666664 0.06111111111111111 0.0875
2 0.4083333333333333 0.38645833333333335 0.09166666666666666 0.12291666666666666
3 0.49236111111111114 0.3614583333333333 0.08194444444444444 0.08541666666666667
2 0.5895833333333333 0.35520833333333335 0.09305555555555556 0.09791666666666667
2 0.5256944444444445 0.2989583333333333 0.06527777777777778 0.08125
3 0.4215277777777778 0.28854166666666664 0.06527777777777778 0.06458333333333334
3 0.5708333333333333 0.21666666666666667 0.06388888888888888 0.04583333333333333
3 0.46111111111111114 0.2520833333333333 0.058333333333333334 0.058333333333333334
2 0.36180555555555555 0.234375 0.05694444444444444 0.06041666666666667
3 0.4201388888888889 0.21770833333333334 0.04861111111111111 0.04791666666666667
2 0.3298611111111111 0.20208333333333334 0.0375 0.05416666666666667
3 0.22013888888888888 0.23229166666666667 0.0375 0.05625
2 0.19722222222222222 0.18229166666666666 0.03333333333333333 0.04375