3 0.8729166666666667 0.8125 0.21805555555555556 0.24166666666666667
3 0.6354166666666666 0.78125 0.19583333333333333 0.23333333333333334
2 0.6104166666666667 0.546875 0.1375 0.15208333333333332
3 0.4423611111111111 0.5458333333333333 0.11805555555555555 0.1375
2 0.4125 0.7197916666666667 0.17222222222222222 0.2604166666666667
2 0.47708333333333336 0.42916666666666664 0.10972222222222222 0.11666666666666667
3 0.3541666666666667 0.4427083333333333 0.09166666666666666 0.09791666666666667
2 0.39305555555555555 0.35520833333333335 0.07222222222222222 0.08125
2 0.3347222222222222 0.3 0.06111111111111111 0.07083333333333333
2 0.16458333333333333 0.90625 0.15416666666666667 0.1875
2 0.21944444444444444 0.6447916666666667 0.09444444444444444 0.18125
2 0.21388888888888888 0.4875 0.09722222222222222 0.17083333333333334
3 0.20416666666666666 0.35104166666666664 0.05555555555555555 0.06458333333333334
3 0.8256944444444444 0.23333333333333334 0.07083333333333333 0.029166666666666667
2 0.7451388888888889 0.209375 0.08194444444444444 0.04375
3 0.68125 0.190625 0.059722222222222225 0.03958333333333333
3 0.6430555555555556 0.17604166666666668 0.05555555555555555 0.022916666666666665
3 0.3194444444444444 0.15520833333333334 0.05555555555555555 0.027083333333333334