2 0.9180555555555555 0.53125 0.15555555555555556 0.1
2 0.8791666666666667 0.7166666666666667 0.20833333333333334 0.12916666666666668
2 0.7381944444444445 0.409375 0.14305555555555555 0.08125
2 0.45902777777777776 0.32708333333333334 0.07916666666666666 0.075
2 0.5055555555555555 0.45 0.14444444444444443 0.08333333333333333
3 0.24097222222222223 0.6697916666666667 0.19027777777777777 0.13541666666666666
2 0.225 0.5770833333333333 0.12777777777777777 0.075
3 0.2701388888888889 0.32395833333333335 0.04861111111111111 0.04791666666666667
2 0.24375 0.2947916666666667 0.04027777777777778 0.04791666666666667
2 0.1625 0.271875 0.03611111111111111 0.052083333333333336
3 0.10138888888888889 0.2635416666666667 0.025 0.03958333333333333