3 0.07708333333333334 0.18854166666666666 0.02361111111111111 0.035416666666666666
3 0.18263888888888888 0.228125 0.034722222222222224 0.03125
3 0.12291666666666666 0.22291666666666668 0.03194444444444444 0.029166666666666667
3 0.35138888888888886 0.31354166666666666 0.05277777777777778 0.05625
3 0.9263888888888889 0.3125 0.05277777777777778 0.0625
3 0.8375 0.296875 0.041666666666666664 0.04375
3 0.8965277777777778 0.28229166666666666 0.043055555555555555 0.04375
3 0.8770833333333333 0.24895833333333334 0.04027777777777778 0.04791666666666667
3 0.8194444444444444 0.25729166666666664 0.03611111111111111 0.04791666666666667
2 0.7631944444444444 0.265625 0.0375 0.06041666666666667
2 0.75 0.225 0.03333333333333333 0.05
2 0.8027777777777778 0.21875 0.027777777777777776 0.041666666666666664