2 0.06458333333333334 0.2760416666666667 0.09861111111111111 0.07291666666666667
2 0.08472222222222223 0.6177083333333333 0.16666666666666666 0.18541666666666667
2 0.32083333333333336 0.5520833333333334 0.2 0.2
2 0.2916666666666667 0.45625 0.16666666666666666 0.15416666666666667
2 0.23333333333333334 0.42083333333333334 0.10833333333333334 0.1125
3 0.3680555555555556 0.35208333333333336 0.09444444444444444 0.0625
3 0.5159722222222223 0.40520833333333334 0.09861111111111111 0.09791666666666667
2 0.5951388888888889 0.334375 0.0763888888888889 0.08125
3 0.6555555555555556 0.2947916666666667 0.06111111111111111 0.06041666666666667
3 0.7069444444444445 0.25625 0.058333333333333334 0.05416666666666667
3 0.7618055555555555 0.16041666666666668 0.0375 0.03333333333333333
3 0.7166666666666667 0.18958333333333333 0.03888888888888889 0.03333333333333333
0 0.48055555555555557 0.3177083333333333 0.13055555555555556 0.14791666666666667