2 0.5486111111111112 0.8989583333333333 0.2833333333333333 0.20208333333333334
2 0.63125 0.7145833333333333 0.2569444444444444 0.16666666666666666
3 0.6402777777777777 0.6208333333333333 0.19444444444444445 0.12083333333333333
3 0.9263888888888889 0.675 0.1388888888888889 0.125
2 0.6416666666666667 0.33229166666666665 0.06388888888888888 0.05625
2 0.5222222222222223 0.3572916666666667 0.075 0.06041666666666667
2 0.09930555555555555 0.4635416666666667 0.10694444444444444 0.09791666666666667
2 0.2861111111111111 0.37395833333333334 0.11388888888888889 0.10208333333333333
3 0.1736111111111111 0.4010416666666667 0.09444444444444444 0.06875
2 0.32916666666666666 0.3145833333333333 0.075 0.07083333333333333
2 0.4236111111111111 0.30833333333333335 0.07777777777777778 0.058333333333333334
3 0.5736111111111111 0.24895833333333334 0.044444444444444446 0.03958333333333333