2 0.15069444444444444 0.20729166666666668 0.05694444444444444 0.03125
2 0.30972222222222223 0.375 0.11666666666666667 0.09583333333333334
2 0.5493055555555556 0.303125 0.07916666666666666 0.06875
3 0.6368055555555555 0.484375 0.09583333333333334 0.09791666666666667
3 0.7826388888888889 0.48333333333333334 0.0875 0.09583333333333334
2 0.7354166666666667 0.3375 0.07361111111111111 0.075
3 0.8298611111111112 0.234375 0.04583333333333333 0.04791666666666667
3 0.8729166666666667 0.17604166666666668 0.034722222222222224 0.027083333333333334
3 0.7479166666666667 0.14375 0.03194444444444444 0.029166666666666667
2 0.6618055555555555 0.16979166666666667 0.05138888888888889 0.035416666666666666
2 0.6986111111111111 0.20416666666666666 0.04722222222222222 0.04583333333333333