3 0.24027777777777778 0.33229166666666665 0.08055555555555556 0.03958333333333333
3 0.6145833333333334 0.425 0.08194444444444444 0.08333333333333333
3 0.5444444444444444 0.5 0.10277777777777777 0.1
2 0.4673611111111111 0.39166666666666666 0.09027777777777778 0.08333333333333333
2 0.4895833333333333 0.44375 0.09305555555555556 0.09583333333333334
2 0.41041666666666665 0.596875 0.15138888888888888 0.17291666666666666
3 0.3680555555555556 0.5395833333333333 0.1388888888888889 0.12083333333333333
3 0.3055555555555556 0.49270833333333336 0.12222222222222222 0.09791666666666667
2 0.1798611111111111 0.8145833333333333 0.23194444444444445 0.24166666666666667
2 0.19027777777777777 0.65625 0.175 0.17083333333333334
2 0.08333333333333333 0.634375 0.10555555555555556 0.14791666666666667