3 0.6020833333333333 0.746875 0.1763888888888889 0.20625
2 0.42430555555555555 0.8270833333333333 0.2152777777777778 0.3458333333333333
2 0.6548611111111111 0.3697916666666667 0.10972222222222222 0.08125
2 0.47430555555555554 0.42916666666666664 0.10416666666666667 0.12083333333333333
2 0.2916666666666667 0.3645833333333333 0.06944444444444445 0.075
2 0.16458333333333333 0.32395833333333335 0.04861111111111111 0.07708333333333334
3 0.34930555555555554 0.32083333333333336 0.05416666666666667 0.06666666666666667
3 0.28680555555555554 0.26145833333333335 0.04027777777777778 0.04375
3 0.14722222222222223 0.26666666666666666 0.041666666666666664 0.04583333333333333
3 0.12430555555555556 0.22083333333333333 0.02638888888888889 0.0375
3 0.2263888888888889 0.20208333333333334 0.030555555555555555 0.0375
3 0.35833333333333334 0.2375 0.05 0.0375