3 0.16666666666666666 0.215625 0.03333333333333333 0.035416666666666666
2 0.25625 0.19270833333333334 0.034722222222222224 0.03125
2 0.33194444444444443 0.21458333333333332 0.03888888888888889 0.03333333333333333
3 0.3854166666666667 0.24375 0.05416666666666667 0.03333333333333333
4 0.3298611111111111 0.328125 0.10972222222222222 0.13958333333333334
2 0.49166666666666664 0.37604166666666666 0.1 0.09375
2 0.5513888888888889 0.4864583333333333 0.12222222222222222 0.14375
2 0.6222222222222222 0.3385416666666667 0.08888888888888889 0.07291666666666667
2 0.7541666666666667 0.22604166666666667 0.03333333333333333 0.04791666666666667
3 0.7534722222222222 0.2635416666666667 0.0375 0.04375
3 0.8395833333333333 0.290625 0.043055555555555555 0.052083333333333336
2 0.9541666666666667 0.578125 0.08611111111111111 0.13125