2 0.8006944444444445 0.4041666666666667 0.059722222222222225 0.0875
2 0.8541666666666666 0.31979166666666664 0.06111111111111111 0.08958333333333333
2 0.8145833333333333 0.234375 0.0375 0.04791666666666667
4 0.6923611111111111 0.2125 0.08194444444444444 0.07916666666666666
3 0.40347222222222223 0.3875 0.10138888888888889 0.09166666666666666
3 0.4513888888888889 0.35104166666666664 0.08333333333333333 0.08125
2 0.3527777777777778 0.31354166666666666 0.05555555555555555 0.06041666666666667
3 0.29097222222222224 0.32708333333333334 0.0625 0.05416666666666667
4 0.27291666666666664 0.2635416666666667 0.10138888888888889 0.09375
3 0.22847222222222222 0.28958333333333336 0.04861111111111111 0.04583333333333333
2 0.19930555555555557 0.24270833333333333 0.034722222222222224 0.035416666666666666
2 0.15 0.24791666666666667 0.03888888888888889 0.041666666666666664
3 0.9659722222222222 0.26875 0.05138888888888889 0.05
3 0.8736111111111111 0.18020833333333333 0.025 0.022916666666666665