3 0.2013888888888889 0.5979166666666667 0.18055555555555555 0.125
2 0.23680555555555555 0.4354166666666667 0.06805555555555555 0.10833333333333334
2 0.25069444444444444 0.365625 0.059722222222222225 0.09791666666666667
2 0.43125 0.33645833333333336 0.07083333333333333 0.07291666666666667
2 0.3645833333333333 0.28125 0.06805555555555555 0.075
3 0.20833333333333334 0.309375 0.05 0.06875
3 0.2659722222222222 0.2677083333333333 0.04861111111111111 0.03958333333333333
3 0.30833333333333335 0.24375 0.04722222222222222 0.05416666666666667
3 0.3701388888888889 0.21041666666666667 0.043055555555555555 0.0375
2 0.5583333333333333 0.26145833333333335 0.08611111111111111 0.04791666666666667
3 0.7645833333333333 0.29270833333333335 0.09583333333333334 0.05625