3 0.23541666666666666 0.6760416666666667 0.18194444444444444 0.17708333333333334
3 0.3902777777777778 0.5270833333333333 0.13055555555555556 0.12916666666666668
3 0.5097222222222222 0.42291666666666666 0.10555555555555556 0.10416666666666667
3 0.6 0.35104166666666664 0.08055555555555556 0.08541666666666667
3 0.65 0.303125 0.06111111111111111 0.06041666666666667
3 0.8625 0.32916666666666666 0.058333333333333334 0.075
3 0.8263888888888888 0.2520833333333333 0.044444444444444446 0.041666666666666664
3 0.09652777777777778 0.24166666666666667 0.07083333333333333 0.03333333333333333
3 0.24444444444444444 0.18645833333333334 0.05277777777777778 0.035416666666666666
3 0.7194444444444444 0.15416666666666667 0.03611111111111111 0.029166666666666667
3 0.7944444444444444 0.16666666666666666 0.03333333333333333 0.029166666666666667