4 0.2465277777777778 0.44166666666666665 0.1763888888888889 0.42083333333333334
2 0.23819444444444443 0.228125 0.04027777777777778 0.04375
3 0.2604166666666667 0.2833333333333333 0.043055555555555555 0.06666666666666667
2 0.3236111111111111 0.35625 0.06666666666666667 0.0875
3 0.39305555555555555 0.46458333333333335 0.10555555555555556 0.1375
3 0.5131944444444444 0.6614583333333334 0.14027777777777778 0.17708333333333334
3 0.5291666666666667 0.27395833333333336 0.06111111111111111 0.052083333333333336
2 0.4888888888888889 0.440625 0.08333333333333333 0.11041666666666666
3 0.5868055555555556 0.41875 0.09583333333333334 0.0875
2 0.7243055555555555 0.51875 0.14027777777777778 0.14166666666666666
3 0.56875 0.5270833333333333 0.11805555555555555 0.1375
3 0.7868055555555555 0.759375 0.19305555555555556 0.21458333333333332
2 0.91875 0.6927083333333334 0.14305555555555555 0.22708333333333333
3 0.69375 0.8916666666666667 0.20694444444444443 0.21666666666666667
3 0.4284722222222222 0.8927083333333333 0.18194444444444444 0.21458333333333332