4 0.11319444444444444 0.628125 0.22361111111111112 0.28958333333333336
3 0.09027777777777778 0.7583333333333333 0.17777777777777778 0.18333333333333332
2 0.2520833333333333 0.75625 0.20694444444444443 0.225
3 0.25763888888888886 0.6177083333333333 0.15694444444444444 0.14791666666666667
2 0.3347222222222222 0.47604166666666664 0.10555555555555556 0.10625
2 0.43680555555555556 0.48125 0.12083333333333333 0.12083333333333333
2 0.44930555555555557 0.5645833333333333 0.14305555555555555 0.15833333333333333
3 0.24444444444444444 0.33541666666666664 0.08055555555555556 0.04583333333333333
4 0.35 0.271875 0.07777777777777778 0.035416666666666666
3 0.3923611111111111 0.23125 0.043055555555555555 0.029166666666666667
3 0.4465277777777778 0.41041666666666665 0.08472222222222223 0.07083333333333333
3 0.5298611111111111 0.34270833333333334 0.08472222222222223 0.09791666666666667
3 0.5465277777777777 0.4083333333333333 0.08472222222222223 0.07083333333333333
3 0.6 0.3177083333333333 0.05 0.06041666666666667
2 0.63125 0.3416666666666667 0.0625 0.0625
2 0.6472222222222223 0.28854166666666664 0.041666666666666664 0.04375
2 0.7951388888888888 0.56875 0.09861111111111111 0.12916666666666668