2 0.9708333333333333 0.3885416666666667 0.04722222222222222 0.08541666666666667
2 0.9736111111111111 0.23020833333333332 0.03888888888888889 0.03958333333333333
3 0.9326388888888889 0.240625 0.04027777777777778 0.035416666666666666
3 0.8805555555555555 0.18541666666666667 0.025 0.025
3 0.4652777777777778 0.365625 0.10833333333333334 0.08541666666666667
2 0.38055555555555554 0.375 0.08611111111111111 0.08333333333333333
3 0.35208333333333336 0.315625 0.05694444444444444 0.04375
2 0.30069444444444443 0.334375 0.06527777777777778 0.06458333333333334
2 0.24375 0.30104166666666665 0.05138888888888889 0.05625
3 0.2548611111111111 0.2677083333333333 0.05416666666666667 0.052083333333333336
2 0.19305555555555556 0.2760416666666667 0.04722222222222222 0.05625
3 0.22083333333333333 0.24895833333333334 0.03888888888888889 0.04791666666666667
3 0.15694444444444444 0.2552083333333333 0.03333333333333333 0.03958333333333333
3 0.12777777777777777 0.23125 0.027777777777777776 0.03333333333333333