3 0.2916666666666667 0.825 0.23055555555555557 0.20833333333333334
3 0.4097222222222222 0.5635416666666667 0.11666666666666667 0.10208333333333333
3 0.6013888888888889 0.47291666666666665 0.06944444444444445 0.075
3 0.9131944444444444 0.38125 0.08194444444444444 0.0625
2 0.5222222222222223 0.4354166666666667 0.06944444444444445 0.08333333333333333
2 0.6076388888888888 0.36354166666666665 0.04027777777777778 0.06041666666666667
2 0.5118055555555555 0.32708333333333334 0.043055555555555555 0.05416666666666667
2 0.5618055555555556 0.30104166666666665 0.0375 0.04791666666666667
2 0.5354166666666667 0.25104166666666666 0.029166666666666667 0.03958333333333333
2 0.37916666666666665 0.2552083333333333 0.027777777777777776 0.03958333333333333
2 0.4826388888888889 0.25 0.02638888888888889 0.0375
2 0.4791666666666667 0.215625 0.022222222222222223 0.03125