2 0.7805555555555556 0.8729166666666667 0.3 0.25416666666666665
3 0.8840277777777777 0.8677083333333333 0.23194444444444445 0.26458333333333334
3 0.46875 0.934375 0.15694444444444444 0.13125
2 0.36666666666666664 0.7114583333333333 0.14166666666666666 0.23541666666666666
3 0.48055555555555557 0.63125 0.12777777777777777 0.16666666666666666
3 0.2861111111111111 0.5333333333333333 0.08888888888888889 0.12916666666666668
3 0.25069444444444444 0.4375 0.07361111111111111 0.09166666666666666
3 0.35208333333333336 0.4197916666666667 0.07916666666666666 0.11458333333333333
3 0.22013888888888888 0.3614583333333333 0.05416666666666667 0.07291666666666667
2 0.29444444444444445 0.32708333333333334 0.058333333333333334 0.07916666666666666
3 0.6090277777777777 0.275 0.05138888888888889 0.04583333333333333
2 0.5527777777777778 0.290625 0.06388888888888888 0.05625
3 0.4423611111111111 0.18854166666666666 0.0375 0.03125