2 0.9027777777777778 0.6208333333333333 0.18055555555555555 0.21666666666666667
4 0.7895833333333333 0.6697916666666667 0.23472222222222222 0.23541666666666666
3 0.7034722222222223 0.45 0.12638888888888888 0.1375
3 0.6097222222222223 0.48020833333333335 0.13333333333333333 0.14375
3 0.5763888888888888 0.35 0.08055555555555556 0.09583333333333334
2 0.49722222222222223 0.3729166666666667 0.08333333333333333 0.1
2 0.4284722222222222 0.303125 0.06527777777777778 0.08125
3 0.5034722222222222 0.3 0.06805555555555555 0.06666666666666667
2 0.37916666666666665 0.25 0.06666666666666667 0.075
3 0.3402777777777778 0.21458333333333332 0.041666666666666664 0.04583333333333333
2 0.30625 0.18229166666666666 0.0375 0.04375
3 0.46041666666666664 0.2635416666666667 0.05138888888888889 0.05625
3 0.5902777777777778 0.17083333333333334 0.07222222222222222 0.0375