3 0.23472222222222222 0.6677083333333333 0.18333333333333332 0.18125
3 0.08819444444444445 0.6385416666666667 0.1736111111111111 0.17708333333333334
2 0.30486111111111114 0.4666666666666667 0.12916666666666668 0.13333333333333333
3 0.39444444444444443 0.5333333333333333 0.13333333333333333 0.12916666666666668
3 0.49930555555555556 0.4354166666666667 0.10138888888888889 0.09583333333333334
2 0.4375 0.37604166666666666 0.10833333333333334 0.10208333333333333
2 0.19583333333333333 0.20729166666666668 0.075 0.04375
3 0.48333333333333334 0.29270833333333335 0.06388888888888888 0.04375
3 0.5479166666666667 0.30520833333333336 0.0763888888888889 0.07291666666666667
3 0.6006944444444444 0.346875 0.09027777777777778 0.08958333333333333
3 0.6027777777777777 0.26666666666666666 0.05277777777777778 0.058333333333333334
2 0.6548611111111111 0.27395833333333336 0.07916666666666666 0.11041666666666666
2 0.6305555555555555 0.19583333333333333 0.06111111111111111 0.05
3 0.7173611111111111 0.24270833333333333 0.043055555555555555 0.052083333333333336
3 0.7541666666666667 0.221875 0.03888888888888889 0.03958333333333333
3 0.7708333333333334 0.19583333333333333 0.03611111111111111 0.0375
3 0.8020833333333334 0.17083333333333334 0.03194444444444444 0.041666666666666664
3 0.8979166666666667 0.15416666666666667 0.02361111111111111 0.025