4 0.21041666666666667 0.525 0.41805555555555557 0.275
3 0.6819444444444445 0.5572916666666666 0.11944444444444445 0.11041666666666666
2 0.9229166666666667 0.38229166666666664 0.10416666666666667 0.07708333333333334
3 0.8604166666666667 0.36666666666666664 0.0875 0.05416666666666667
3 0.24305555555555555 0.359375 0.04722222222222222 0.05625
4 0.13680555555555557 0.30416666666666664 0.08194444444444444 0.2
2 0.21666666666666667 0.3072916666666667 0.041666666666666664 0.052083333333333336
3 0.1840277777777778 0.2760416666666667 0.029166666666666667 0.03958333333333333
3 0.17222222222222222 0.24583333333333332 0.030555555555555555 0.0375
3 0.15555555555555556 0.19791666666666666 0.022222222222222223 0.025
2 0.11388888888888889 0.19270833333333334 0.019444444444444445 0.03125
3 0.10902777777777778 0.15520833333333334 0.015277777777777777 0.01875