3 0.30416666666666664 0.3729166666666667 0.10277777777777777 0.07916666666666666
3 0.2833333333333333 0.5614583333333333 0.1388888888888889 0.12708333333333333
4 0.07777777777777778 0.728125 0.1527777777777778 0.19791666666666666
3 0.45069444444444445 0.44583333333333336 0.1125 0.10416666666666667
2 0.5368055555555555 0.378125 0.07916666666666666 0.08125
3 0.5333333333333333 0.2677083333333333 0.04722222222222222 0.035416666666666666
2 0.6069444444444444 0.2635416666666667 0.058333333333333334 0.06041666666666667
3 0.6486111111111111 0.303125 0.06666666666666667 0.05625
3 0.6965277777777777 0.26875 0.04861111111111111 0.041666666666666664
3 0.71875 0.23958333333333334 0.04583333333333333 0.041666666666666664
2 0.7513888888888889 0.221875 0.03611111111111111 0.04375
3 0.7694444444444445 0.20729166666666668 0.030555555555555555 0.03125
4 0.7222222222222222 0.46979166666666666 0.08888888888888889 0.10208333333333333
2 0.3958333333333333 0.7083333333333334 0.18888888888888888 0.18333333333333332