2 0.6881944444444444 0.8479166666666667 0.24583333333333332 0.1875
3 0.7923611111111111 0.7541666666666667 0.22916666666666666 0.13333333333333333
3 0.8090277777777778 0.6625 0.19305555555555556 0.12083333333333333
2 0.3548611111111111 0.5291666666666667 0.1375 0.10833333333333334
2 0.39861111111111114 0.428125 0.09722222222222222 0.08125
2 0.34375 0.41354166666666664 0.0875 0.06875
2 0.4576388888888889 0.34270833333333334 0.06527777777777778 0.04791666666666667
3 0.4965277777777778 0.39166666666666666 0.07083333333333333 0.05
2 0.7409722222222223 0.365625 0.07361111111111111 0.06875
3 0.6777777777777778 0.35625 0.06666666666666667 0.04583333333333333
4 0.6604166666666667 0.32395833333333335 0.05416666666666667 0.04791666666666667
2 0.5944444444444444 0.34270833333333334 0.058333333333333334 0.06041666666666667
3 0.5486111111111112 0.3333333333333333 0.05555555555555555 0.04583333333333333
2 0.04861111111111111 0.5385416666666667 0.08333333333333333 0.08958333333333333