3 0.08472222222222223 0.340625 0.15555555555555556 0.17291666666666666
3 0.16458333333333333 0.38229166666666664 0.22916666666666666 0.16458333333333333
3 0.3611111111111111 0.275 0.15555555555555556 0.1125
2 0.28125 0.24791666666666667 0.15416666666666667 0.125
2 0.19652777777777777 0.23958333333333334 0.12916666666666668 0.10833333333333334
3 0.33611111111111114 0.19166666666666668 0.09444444444444444 0.058333333333333334
3 0.45 0.190625 0.10555555555555556 0.07291666666666667
2 0.4326388888888889 0.16041666666666668 0.08194444444444444 0.06666666666666667
2 0.5104166666666666 0.13645833333333332 0.06527777777777778 0.04791666666666667
3 0.5520833333333334 0.15104166666666666 0.0763888888888889 0.04791666666666667
3 0.6284722222222222 0.12395833333333334 0.059722222222222225 0.04375
3 0.5791666666666667 0.11875 0.05555555555555555 0.041666666666666664
3 0.6847222222222222 0.10729166666666666 0.044444444444444446 0.035416666666666666
3 0.6604166666666667 0.09375 0.03194444444444444 0.03333333333333333