3 0.09930555555555555 0.89375 0.1875 0.14166666666666666
2 0.3645833333333333 0.9416666666666667 0.24861111111111112 0.11666666666666667
2 0.8666666666666667 0.8614583333333333 0.25555555555555554 0.16041666666666668
3 0.13333333333333333 0.5135416666666667 0.09166666666666666 0.06875
2 0.07430555555555556 0.490625 0.09861111111111111 0.08541666666666667
3 0.18541666666666667 0.4322916666666667 0.07083333333333333 0.05625
4 0.26666666666666666 0.40729166666666666 0.10277777777777777 0.11458333333333333
3 0.3451388888888889 0.390625 0.04861111111111111 0.04375
2 0.3423611111111111 0.35520833333333335 0.04861111111111111 0.04375
2 0.3958333333333333 0.353125 0.041666666666666664 0.04375
2 0.4395833333333333 0.3302083333333333 0.034722222222222224 0.03125