2 0.2604166666666667 0.459375 0.14305555555555555 0.13958333333333334
2 0.5423611111111111 0.525 0.14027777777777778 0.125
3 0.7604166666666666 0.44479166666666664 0.0763888888888889 0.08541666666666667
2 0.41597222222222224 0.32395833333333335 0.0763888888888889 0.06041666666666667
3 0.5527777777777778 0.30104166666666665 0.06388888888888888 0.052083333333333336
3 0.5840277777777778 0.24895833333333334 0.05138888888888889 0.03958333333333333
2 0.6701388888888888 0.20625 0.0375 0.0375
2 0.7423611111111111 0.19479166666666667 0.034722222222222224 0.035416666666666666
3 0.7930555555555555 0.19791666666666666 0.027777777777777776 0.025
2 0.89375 0.221875 0.03194444444444444 0.03125
3 0.74375 0.16979166666666667 0.02638888888888889 0.01875
3 0.7951388888888888 0.15 0.020833333333333332 0.016666666666666666