3 0.25763888888888886 0.49583333333333335 0.15694444444444444 0.09166666666666666
2 0.6284722222222222 0.3177083333333333 0.08194444444444444 0.07291666666666667
2 0.5930555555555556 0.24479166666666666 0.058333333333333334 0.04375
2 0.5041666666666667 0.23333333333333334 0.05277777777777778 0.05416666666666667
3 0.4013888888888889 0.3072916666666667 0.05277777777777778 0.05625
2 0.3347222222222222 0.31979166666666664 0.04722222222222222 0.07291666666666667
2 0.3798611111111111 0.26875 0.043055555555555555 0.04583333333333333
3 0.30277777777777776 0.28020833333333334 0.03888888888888889 0.04791666666666667
2 0.2861111111111111 0.24270833333333333 0.041666666666666664 0.05625
2 0.35 0.23541666666666666 0.03333333333333333 0.0375
2 0.3138888888888889 0.19895833333333332 0.025 0.035416666666666666
3 0.4284722222222222 0.19375 0.03194444444444444 0.029166666666666667
3 0.44375 0.175 0.0375 0.025
3 0.32430555555555557 0.13125 0.018055555555555554 0.020833333333333332
3 0.34791666666666665 0.12395833333333334 0.015277777777777777 0.01875
2 0.41041666666666665 0.15208333333333332 0.02361111111111111 0.025