3 0.5715277777777777 0.8052083333333333 0.1375 0.21458333333333332
2 0.6701388888888888 0.3458333333333333 0.04583333333333333 0.0625
2 0.5513888888888889 0.34479166666666666 0.058333333333333334 0.06875
2 0.5104166666666666 0.3177083333333333 0.05416666666666667 0.05625
4 0.48680555555555555 0.26979166666666665 0.05694444444444444 0.07708333333333334
2 0.49583333333333335 0.41770833333333335 0.07222222222222222 0.08541666666666667
2 0.4111111111111111 0.4947916666666667 0.09444444444444444 0.10625
3 0.28541666666666665 0.5239583333333333 0.11527777777777778 0.11041666666666666
3 0.23125 0.478125 0.09305555555555556 0.08125
2 0.09930555555555555 0.5552083333333333 0.13472222222222222 0.12291666666666666
2 0.26875 0.6572916666666667 0.16527777777777777 0.19375
3 0.10694444444444444 0.6770833333333334 0.15555555555555556 0.15833333333333333
2 0.050694444444444445 0.9125 0.09861111111111111 0.175
4 0.7444444444444445 0.11979166666666667 0.025 0.04375
3 0.7548611111111111 0.14583333333333334 0.015277777777777777 0.020833333333333332
2 0.625 0.15520833333333334 0.016666666666666666 0.022916666666666665