4 0.6555555555555556 0.7395833333333334 0.21666666666666667 0.11666666666666667
2 0.7034722222222223 0.8614583333333333 0.24305555555555555 0.15208333333333332
4 0.8263888888888888 0.8875 0.3472222222222222 0.225
3 0.925 0.7604166666666666 0.13333333333333333 0.0875
3 0.4888888888888889 0.425 0.06111111111111111 0.05
3 0.6076388888888888 0.29791666666666666 0.02361111111111111 0.020833333333333332
2 0.3875 0.3614583333333333 0.04722222222222222 0.04375
3 0.3277777777777778 0.4 0.058333333333333334 0.05416666666666667
2 0.23125 0.446875 0.07361111111111111 0.06458333333333334
2 0.13333333333333333 0.5052083333333334 0.09166666666666666 0.08541666666666667
2 0.06388888888888888 0.496875 0.06944444444444445 0.07291666666666667