2 0.38958333333333334 0.7729166666666667 0.1597222222222222 0.1875
2 0.08611111111111111 0.84375 0.15833333333333333 0.15833333333333333
2 0.25 0.675 0.16111111111111112 0.19166666666666668
2 0.3798611111111111 0.5489583333333333 0.10694444444444444 0.12291666666666666
2 0.4638888888888889 0.44895833333333335 0.08055555555555556 0.09791666666666667
3 0.51875 0.39166666666666666 0.05694444444444444 0.06666666666666667
2 0.5534722222222223 0.33958333333333335 0.05694444444444444 0.07083333333333333
2 0.5958333333333333 0.3 0.041666666666666664 0.0625
2 0.4479166666666667 0.3020833333333333 0.05138888888888889 0.058333333333333334
3 0.6298611111111111 0.2520833333333333 0.03194444444444444 0.041666666666666664
2 0.6597222222222222 0.20729166666666668 0.025 0.035416666666666666
2 0.6715277777777777 0.184375 0.015277777777777777 0.022916666666666665
2 0.6361111111111111 0.3770833333333333 0.05277777777777778 0.06666666666666667
3 0.7284722222222222 0.37083333333333335 0.04583333333333333 0.058333333333333334
3 0.6576388888888889 0.5875 0.08472222222222223 0.1125
3 0.75625 0.2791666666666667 0.029166666666666667 0.04583333333333333
3 0.7604166666666666 0.240625 0.02361111111111111 0.035416666666666666
3 0.7166666666666667 0.21875 0.022222222222222223 0.03333333333333333
3 0.71875 0.19791666666666666 0.020833333333333332 0.020833333333333332
3 0.7201388888888889 0.18125 0.020833333333333332 0.016666666666666666
2 0.7625 0.21145833333333333 0.019444444444444445 0.022916666666666665
3 0.7736111111111111 0.1875 0.019444444444444445 0.020833333333333332
3 0.7368055555555556 0.17604166666666668 0.029166666666666667 0.022916666666666665
3 0.6131944444444445 0.16458333333333333 0.018055555555555554 0.025