2 0.3729166666666667 0.8364583333333333 0.20972222222222223 0.32708333333333334
3 0.5236111111111111 0.78125 0.15833333333333333 0.20833333333333334
3 0.9256944444444445 0.653125 0.13472222222222222 0.13541666666666666
2 0.6444444444444445 0.4270833333333333 0.10277777777777777 0.08333333333333333
4 0.4361111111111111 0.2947916666666667 0.06666666666666667 0.06458333333333334
3 0.375 0.321875 0.05 0.052083333333333336
2 0.2708333333333333 0.44583333333333336 0.06666666666666667 0.09583333333333334
2 0.18333333333333332 0.446875 0.06111111111111111 0.09375
3 0.20208333333333334 0.31354166666666666 0.034722222222222224 0.04375
2 0.13472222222222222 0.3125 0.03611111111111111 0.05
3 0.12638888888888888 0.2604166666666667 0.025 0.0375
2 0.18680555555555556 0.26979166666666665 0.03194444444444444 0.052083333333333336
2 0.11597222222222223 0.22708333333333333 0.02361111111111111 0.03333333333333333
2 0.11388888888888889 0.20520833333333333 0.019444444444444445 0.022916666666666665
3 0.16111111111111112 0.228125 0.022222222222222223 0.027083333333333334
2 0.15694444444444444 0.203125 0.019444444444444445 0.03125
3 0.14722222222222223 0.190625 0.016666666666666666 0.027083333333333334
3 0.14166666666666666 0.16770833333333332 0.016666666666666666 0.022916666666666665
3 0.13819444444444445 0.15729166666666666 0.015277777777777777 0.01875