3 0.6201388888888889 0.8739583333333333 0.19583333333333333 0.2520833333333333
3 0.7458333333333333 0.7083333333333334 0.16666666666666666 0.14583333333333334
3 0.9368055555555556 0.43333333333333335 0.1125 0.075
2 0.8958333333333334 0.390625 0.09444444444444444 0.07291666666666667
3 0.33055555555555555 0.5 0.08611111111111111 0.1
3 0.2222222222222222 0.49270833333333336 0.07777777777777778 0.09791666666666667
3 0.25416666666666665 0.378125 0.05277777777777778 0.06875
3 0.1986111111111111 0.3 0.03611111111111111 0.04583333333333333
3 0.13194444444444445 0.321875 0.03888888888888889 0.04791666666666667
3 0.16666666666666666 0.225 0.022222222222222223 0.029166666666666667
2 0.12013888888888889 0.24166666666666667 0.02638888888888889 0.0375
3 0.11041666666666666 0.19583333333333333 0.020833333333333332 0.025
3 0.15347222222222223 0.190625 0.020833333333333332 0.027083333333333334