4 0.4173611111111111 0.75625 0.4597222222222222 0.30833333333333335
3 0.4173611111111111 0.5541666666666667 0.14305555555555555 0.0875
3 0.45416666666666666 0.38125 0.06944444444444445 0.04583333333333333
2 0.39444444444444443 0.36770833333333336 0.07222222222222222 0.06458333333333334
3 0.26805555555555555 0.403125 0.09722222222222222 0.04791666666666667
2 0.5381944444444444 0.3458333333333333 0.05694444444444444 0.05
2 0.5916666666666667 0.32083333333333336 0.05555555555555555 0.04583333333333333
2 0.6583333333333333 0.29583333333333334 0.044444444444444446 0.0375
3 0.6041666666666666 0.29375 0.05 0.0375
2 0.7083333333333334 0.2760416666666667 0.03611111111111111 0.03958333333333333
3 0.4013888888888889 0.934375 0.25 0.13125