3 0.47847222222222224 0.5145833333333333 0.2375 0.24166666666666667
2 0.7409722222222223 0.303125 0.19583333333333333 0.13958333333333334
2 0.3875 0.24583333333333332 0.11388888888888889 0.10833333333333334
2 0.38263888888888886 0.128125 0.05138888888888889 0.04791666666666667
3 0.31875 0.15104166666666666 0.059722222222222225 0.05625
2 0.12569444444444444 0.15208333333333332 0.04583333333333333 0.0625
2 0.275 0.09791666666666667 0.03611111111111111 0.03333333333333333
2 0.3298611111111111 0.09270833333333334 0.0375 0.035416666666666666
2 0.23194444444444445 0.0875 0.030555555555555555 0.03333333333333333
2 0.2048611111111111 0.06770833333333333 0.018055555555555554 0.027083333333333334
2 0.18055555555555555 0.07604166666666666 0.022222222222222223 0.022916666666666665
3 0.15902777777777777 0.071875 0.015277777777777777 0.01875
3 0.12986111111111112 0.06458333333333334 0.018055555555555554 0.016666666666666666
3 0.1527777777777778 0.057291666666666664 0.013888888888888888 0.01875