2 0.059027777777777776 0.5989583333333334 0.10416666666666667 0.15208333333333332
3 0.2111111111111111 0.4666666666666667 0.11388888888888889 0.10833333333333334
3 0.37569444444444444 0.3489583333333333 0.07083333333333333 0.06041666666666667
3 0.4791666666666667 0.28125 0.044444444444444446 0.041666666666666664
3 0.5166666666666667 0.3854166666666667 0.06944444444444445 0.06666666666666667
3 0.6756944444444445 0.30416666666666664 0.043055555555555555 0.041666666666666664
3 0.6486111111111111 0.21041666666666667 0.025 0.029166666666666667
2 0.5694444444444444 0.19791666666666666 0.030555555555555555 0.0375
3 0.6159722222222223 0.16145833333333334 0.015277777777777777 0.01875
3 0.6465277777777778 0.17291666666666666 0.020833333333333332 0.020833333333333332
3 0.6597222222222222 0.14791666666666667 0.013888888888888888 0.016666666666666666
3 0.7236111111111111 0.140625 0.016666666666666666 0.01875
3 0.7520833333333333 0.14583333333333334 0.015277777777777777 0.020833333333333332