2 0.3472222222222222 0.7895833333333333 0.14166666666666666 0.22083333333333333
2 0.7368055555555556 0.728125 0.18472222222222223 0.16875
2 0.51875 0.5541666666666667 0.1597222222222222 0.12916666666666668
3 0.14652777777777778 0.30520833333333336 0.034722222222222224 0.03958333333333333
2 0.3333333333333333 0.23020833333333332 0.03611111111111111 0.03958333333333333
2 0.24375 0.165625 0.034722222222222224 0.022916666666666665
3 0.13958333333333334 0.15625 0.015277777777777777 0.016666666666666666
3 0.13194444444444445 0.13229166666666667 0.013888888888888888 0.014583333333333334
3 0.18125 0.125 0.0125 0.0125
3 0.19930555555555557 0.11979166666666667 0.0125 0.014583333333333334
4 0.8590277777777777 0.359375 0.12083333333333333 0.08541666666666667
2 0.9055555555555556 0.4 0.09166666666666666 0.075
3 0.9520833333333333 0.4375 0.08472222222222223 0.07083333333333333