3 0.17569444444444443 0.6666666666666666 0.15416666666666667 0.1125
2 0.42430555555555555 0.7729166666666667 0.17916666666666667 0.14166666666666666
2 0.35625 0.609375 0.15694444444444444 0.11458333333333333
2 0.8243055555555555 0.9177083333333333 0.2791666666666667 0.16458333333333333
2 0.8951388888888889 0.6645833333333333 0.20416666666666666 0.2
2 0.2590277777777778 0.40208333333333335 0.09027777777777778 0.06666666666666667
2 0.425 0.41875 0.09444444444444444 0.08333333333333333
3 0.5097222222222222 0.3854166666666667 0.075 0.058333333333333334
3 0.38333333333333336 0.37604166666666666 0.07777777777777778 0.04791666666666667
2 0.46805555555555556 0.33958333333333335 0.06111111111111111 0.05
2 0.5180555555555556 0.3385416666666667 0.07777777777777778 0.04791666666666667
3 0.6347222222222222 0.30520833333333336 0.04722222222222222 0.035416666666666666
3 0.7131944444444445 0.29270833333333335 0.04027777777777778 0.03125
3 0.6888888888888889 0.2833333333333333 0.03611111111111111 0.025