3 0.7555555555555555 0.6541666666666667 0.20277777777777778 0.21666666666666667
3 0.6951388888888889 0.45729166666666665 0.16805555555555557 0.12291666666666666
3 0.7138888888888889 0.378125 0.1361111111111111 0.09791666666666667
3 0.9604166666666667 0.34479166666666666 0.07916666666666666 0.06458333333333334
3 0.42916666666666664 0.4010416666666667 0.12777777777777777 0.10625
2 0.46875 0.31979166666666664 0.12361111111111112 0.11041666666666666
2 0.4388888888888889 0.228125 0.09444444444444444 0.07708333333333334
3 0.27361111111111114 0.21354166666666666 0.06666666666666667 0.052083333333333336
2 0.19791666666666666 0.22916666666666666 0.059722222222222225 0.058333333333333334
2 0.18680555555555556 0.1625 0.05138888888888889 0.05416666666666667
2 0.2708333333333333 0.1625 0.05555555555555555 0.041666666666666664
2 0.2048611111111111 0.12916666666666668 0.04583333333333333 0.0375
2 0.11388888888888889 0.17604166666666668 0.044444444444444446 0.04375
2 0.21805555555555556 0.07604166666666666 0.03333333333333333 0.03125
2 0.2673611111111111 0.071875 0.03194444444444444 0.022916666666666665
2 0.2965277777777778 0.1 0.043055555555555555 0.03333333333333333
4 0.06736111111111111 0.13020833333333334 0.04861111111111111 0.052083333333333336
3 0.11944444444444445 0.121875 0.03333333333333333 0.03125
3 0.1111111111111111 0.08333333333333333 0.03611111111111111 0.029166666666666667
3 0.07916666666666666 0.07291666666666667 0.027777777777777776 0.025
2 0.029166666666666667 0.10520833333333333 0.030555555555555555 0.035416666666666666
3 0.05416666666666667 0.06041666666666667 0.019444444444444445 0.020833333333333332