3 0.8923611111111112 0.3 0.18194444444444444 0.1125
2 0.8847222222222222 0.22916666666666666 0.15 0.0875
2 0.41041666666666665 0.1375 0.0763888888888889 0.06666666666666667
2 0.34305555555555556 0.09166666666666666 0.041666666666666664 0.05
3 0.2833333333333333 0.10208333333333333 0.03888888888888889 0.0375
3 0.2152777777777778 0.1375 0.075 0.07916666666666666
2 0.18263888888888888 0.18125 0.059722222222222225 0.07083333333333333
2 0.2222222222222222 0.084375 0.027777777777777776 0.035416666666666666
2 0.26805555555555555 0.08229166666666667 0.025 0.035416666666666666
3 0.16041666666666668 0.11458333333333333 0.029166666666666667 0.03333333333333333
3 0.14305555555555555 0.10625 0.022222222222222223 0.029166666666666667
3 0.1361111111111111 0.14791666666666667 0.030555555555555555 0.04583333333333333
2 0.10208333333333333 0.12395833333333334 0.029166666666666667 0.03958333333333333
2 0.09166666666666666 0.17604166666666668 0.06111111111111111 0.06041666666666667
2 0.035416666666666666 0.21041666666666667 0.0625 0.075