3 0.21805555555555556 0.6947916666666667 0.15555555555555556 0.16041666666666668
3 0.3993055555555556 0.5177083333333333 0.10138888888888889 0.09791666666666667
3 0.4708333333333333 0.29375 0.05 0.05
4 0.5625 0.3020833333333333 0.10277777777777777 0.15833333333333333
3 0.5159722222222223 0.60625 0.10416666666666667 0.11666666666666667
2 0.6354166666666666 0.7375 0.1125 0.175
2 0.7138888888888889 0.4583333333333333 0.06388888888888888 0.0875
2 0.7604166666666666 0.2552083333333333 0.029166666666666667 0.04375
2 0.7611111111111111 0.22291666666666668 0.025 0.029166666666666667
2 0.7104166666666667 0.24166666666666667 0.02638888888888889 0.03333333333333333
2 0.7166666666666667 0.19895833333333332 0.019444444444444445 0.03958333333333333
2 0.7236111111111111 0.16770833333333332 0.016666666666666666 0.027083333333333334
3 0.6388888888888888 0.13958333333333334 0.011111111111111112 0.016666666666666666
2 0.6645833333333333 0.125 0.009722222222222222 0.025
2 0.725 0.140625 0.016666666666666666 0.022916666666666665