2 0.09097222222222222 0.6479166666666667 0.17083333333333334 0.10833333333333334
2 0.2569444444444444 0.46145833333333336 0.12777777777777777 0.08125
2 0.4638888888888889 0.47604166666666664 0.12777777777777777 0.08958333333333333
3 0.6791666666666667 0.44895833333333335 0.12222222222222222 0.07708333333333334
3 0.9326388888888889 0.39375 0.09027777777777778 0.0625
3 0.875 0.36770833333333336 0.09166666666666666 0.052083333333333336
3 0.2388888888888889 0.375 0.05 0.06666666666666667
3 0.21180555555555555 0.3229166666666667 0.04027777777777778 0.05416666666666667
3 0.18680555555555556 0.28229166666666666 0.034722222222222224 0.06041666666666667
2 0.30277777777777776 0.209375 0.022222222222222223 0.027083333333333334
2 0.2708333333333333 0.178125 0.022222222222222223 0.03125
3 0.22916666666666666 0.18541666666666667 0.016666666666666666 0.020833333333333332