4 0.04583333333333333 0.4270833333333333 0.08333333333333333 0.1
2 0.20347222222222222 0.5572916666666666 0.12638888888888888 0.09375
3 0.3875 0.75 0.20277777777777778 0.1375
3 0.6652777777777777 0.8645833333333334 0.24722222222222223 0.17083333333333334
2 0.6736111111111112 0.5114583333333333 0.12222222222222222 0.12708333333333333
3 0.4305555555555556 0.4270833333333333 0.09444444444444444 0.0625
2 0.4125 0.396875 0.08888888888888889 0.06875
2 0.35625 0.38333333333333336 0.06527777777777778 0.0625
2 0.5034722222222222 0.35625 0.06527777777777778 0.05416666666666667
3 0.4388888888888889 0.35104166666666664 0.06111111111111111 0.03125
2 0.5194444444444445 0.32083333333333336 0.058333333333333334 0.041666666666666664
2 0.5993055555555555 0.31145833333333334 0.06805555555555555 0.05625
3 0.6631944444444444 0.296875 0.043055555555555555 0.03125
3 0.7083333333333334 0.28229166666666666 0.03611111111111111 0.027083333333333334