3 0.7423611111111111 0.4947916666666667 0.15416666666666667 0.11875
3 0.5583333333333333 0.459375 0.09166666666666666 0.10208333333333333
4 0.7395833333333334 0.3572916666666667 0.09861111111111111 0.09375
3 0.8472222222222222 0.37083333333333335 0.10555555555555556 0.07083333333333333
3 0.5777777777777777 0.22708333333333333 0.04722222222222222 0.041666666666666664
3 0.51875 0.234375 0.05138888888888889 0.035416666666666666
2 0.4756944444444444 0.27291666666666664 0.0625 0.06666666666666667
2 0.3763888888888889 0.2635416666666667 0.044444444444444446 0.05625
3 0.43333333333333335 0.24375 0.041666666666666664 0.041666666666666664
2 0.40555555555555556 0.22083333333333333 0.03333333333333333 0.03333333333333333
4 0.38055555555555554 0.17916666666666667 0.05277777777777778 0.07083333333333333
2 0.3402777777777778 0.21458333333333332 0.030555555555555555 0.041666666666666664
2 0.2847222222222222 0.21145833333333333 0.03888888888888889 0.06041666666666667
3 0.28541666666666665 0.159375 0.020833333333333332 0.022916666666666665