2 0.05416666666666667 0.36041666666666666 0.10555555555555556 0.125
3 0.2388888888888889 0.2833333333333333 0.16111111111111112 0.10833333333333334
2 0.2048611111111111 0.234375 0.13472222222222222 0.09791666666666667
2 0.4166666666666667 0.19270833333333334 0.10833333333333334 0.08958333333333333
3 0.35347222222222224 0.18645833333333334 0.09305555555555556 0.06875
2 0.5243055555555556 0.15416666666666667 0.08194444444444444 0.07083333333333333
2 0.4708333333333333 0.146875 0.05555555555555555 0.05625
3 0.6020833333333333 0.134375 0.0625 0.052083333333333336
2 0.53125 0.11875 0.05416666666666667 0.041666666666666664
4 0.675 0.1375 0.06388888888888888 0.058333333333333334
3 0.6479166666666667 0.11770833333333333 0.03194444444444444 0.03958333333333333
3 0.6888888888888889 0.10520833333333333 0.044444444444444446 0.03958333333333333
3 0.7298611111111111 0.09270833333333334 0.034722222222222224 0.03125