4 0.2423611111111111 0.5104166666666666 0.39861111111111114 0.44166666666666665
2 0.06388888888888888 0.5833333333333334 0.11666666666666667 0.13333333333333333
2 0.475 0.34375 0.06388888888888888 0.075
2 0.5256944444444445 0.3072916666666667 0.04027777777777778 0.052083333333333336
3 0.5576388888888889 0.2677083333333333 0.0375 0.04375
3 0.46041666666666664 0.30520833333333336 0.04583333333333333 0.04791666666666667
2 0.5118055555555555 0.253125 0.0375 0.04375
2 0.5611111111111111 0.2125 0.030555555555555555 0.0375
2 0.5958333333333333 0.23229166666666667 0.03333333333333333 0.04375
3 0.6597222222222222 0.20625 0.027777777777777776 0.0375
2 0.6444444444444445 0.1125 0.013888888888888888 0.016666666666666666