2 0.36736111111111114 0.4895833333333333 0.1763888888888889 0.10833333333333334
3 0.8479166666666667 0.6479166666666667 0.20972222222222223 0.15
2 0.9402777777777778 0.5333333333333333 0.11944444444444445 0.14583333333333334
2 0.6888888888888889 0.35104166666666664 0.08611111111111111 0.07291666666666667
2 0.7180555555555556 0.3145833333333333 0.08055555555555556 0.058333333333333334
3 0.33125 0.3260416666666667 0.05138888888888889 0.06458333333333334
3 0.4013888888888889 0.3020833333333333 0.04722222222222222 0.058333333333333334
2 0.37222222222222223 0.2635416666666667 0.04722222222222222 0.06041666666666667
2 0.30833333333333335 0.284375 0.044444444444444446 0.06041666666666667
3 0.28958333333333336 0.253125 0.0375 0.04375
2 0.3423611111111111 0.22916666666666666 0.04027777777777778 0.04583333333333333
2 0.26805555555555555 0.20625 0.027777777777777776 0.03333333333333333
4 0.43333333333333335 0.19166666666666668 0.041666666666666664 0.03333333333333333
3 0.49375 0.19895833333333332 0.034722222222222224 0.03125
3 0.3993055555555556 0.15104166666666666 0.02361111111111111 0.022916666666666665
2 0.3541666666666667 0.15104166666666666 0.022222222222222223 0.022916666666666665
4 0.3 0.153125 0.044444444444444446 0.06458333333333334