4 0.41597222222222224 0.871875 0.3375 0.25625
2 0.05277777777777778 0.9083333333333333 0.10277777777777777 0.18333333333333332
3 0.20902777777777778 0.7364583333333333 0.16527777777777777 0.18958333333333333
2 0.1111111111111111 0.6697916666666667 0.15 0.16458333333333333
2 0.05416666666666667 0.6125 0.10277777777777777 0.12916666666666668
2 0.20069444444444445 0.490625 0.10972222222222222 0.11041666666666666
3 0.2701388888888889 0.5333333333333333 0.12083333333333333 0.125
2 0.36180555555555555 0.553125 0.12083333333333333 0.14375
2 0.37083333333333335 0.43854166666666666 0.08333333333333333 0.08125
3 0.3111111111111111 0.4125 0.08888888888888889 0.08333333333333333
3 0.41180555555555554 0.3375 0.0625 0.058333333333333334
2 0.4513888888888889 0.3625 0.06944444444444445 0.08333333333333333
2 0.55 0.34479166666666666 0.06111111111111111 0.08125
2 0.5097222222222222 0.31666666666666665 0.05555555555555555 0.07083333333333333
2 0.4638888888888889 0.2989583333333333 0.05277777777777778 0.05625
2 0.5173611111111112 0.25833333333333336 0.04027777777777778 0.04583333333333333
2 0.5805555555555556 0.24583333333333332 0.03888888888888889 0.041666666666666664
2 0.5527777777777778 0.278125 0.03888888888888889 0.04791666666666667