2 0.9138888888888889 0.40208333333333335 0.17222222222222222 0.19166666666666668
3 0.8326388888888889 0.26145833333333335 0.15138888888888888 0.09375
3 0.9451388888888889 0.25729166666666664 0.10416666666666667 0.07708333333333334
2 0.55625 0.2708333333333333 0.1375 0.12083333333333333
3 0.5402777777777777 0.22291666666666668 0.09722222222222222 0.07083333333333333
2 0.4847222222222222 0.13645833333333332 0.05277777777777778 0.04375
3 0.2375 0.16666666666666666 0.05277777777777778 0.04583333333333333
2 0.19305555555555556 0.12604166666666666 0.03611111111111111 0.035416666666666666
3 0.18958333333333333 0.15208333333333332 0.0375 0.03333333333333333
2 0.24166666666666667 0.13645833333333332 0.05 0.04375
3 0.30625 0.11979166666666667 0.03194444444444444 0.027083333333333334
3 0.10694444444444444 0.11979166666666667 0.027777777777777776 0.027083333333333334