3 0.5715277777777777 0.65625 0.17083333333333334 0.12916666666666668
2 0.7798611111111111 0.5270833333333333 0.12916666666666668 0.10416666666666667
2 0.9118055555555555 0.3927083333333333 0.09305555555555556 0.06875
2 0.8395833333333333 0.36041666666666666 0.0875 0.07083333333333333
3 0.1284722222222222 0.53125 0.14305555555555555 0.07916666666666666
3 0.24027777777777778 0.3625 0.05277777777777778 0.0625
2 0.14791666666666667 0.3770833333333333 0.05138888888888889 0.07083333333333333
3 0.21666666666666667 0.315625 0.041666666666666664 0.052083333333333336
3 0.1909722222222222 0.2833333333333333 0.029166666666666667 0.0375
3 0.1326388888888889 0.325 0.034722222222222224 0.041666666666666664
3 0.11666666666666667 0.28020833333333334 0.030555555555555555 0.04375
3 0.18125 0.24791666666666667 0.02361111111111111 0.03333333333333333
3 0.1673611111111111 0.22708333333333333 0.02361111111111111 0.029166666666666667
3 0.12291666666666666 0.24791666666666667 0.018055555555555554 0.029166666666666667
3 0.11666666666666667 0.22395833333333334 0.019444444444444445 0.027083333333333334
3 0.15416666666666667 0.21041666666666667 0.019444444444444445 0.029166666666666667