3 0.08541666666666667 0.36875 0.15694444444444444 0.12916666666666668
2 0.25833333333333336 0.271875 0.20277777777777778 0.11875
2 0.24444444444444444 0.20104166666666667 0.13055555555555556 0.06458333333333334
2 0.5618055555555556 0.19479166666666667 0.15694444444444444 0.09375
3 0.7472222222222222 0.21979166666666666 0.1388888888888889 0.08125
2 0.8583333333333333 0.15416666666666667 0.09722222222222222 0.06666666666666667
3 0.3388888888888889 0.159375 0.06388888888888888 0.05625
2 0.2326388888888889 0.15208333333333332 0.0625 0.05416666666666667
4 0.12777777777777777 0.140625 0.058333333333333334 0.08958333333333333
2 0.08819444444444445 0.18854166666666666 0.05416666666666667 0.06041666666666667
2 0.20208333333333334 0.13645833333333332 0.03194444444444444 0.04791666666666667
3 0.16944444444444445 0.125 0.030555555555555555 0.03333333333333333
2 0.0875 0.11979166666666667 0.030555555555555555 0.035416666666666666
2 0.15347222222222223 0.10833333333333334 0.02638888888888889 0.0375