3 0.058333333333333334 0.2989583333333333 0.10277777777777777 0.07291666666666667
3 0.21597222222222223 0.25625 0.1986111111111111 0.17083333333333334
3 0.40625 0.20729166666666668 0.10972222222222222 0.07708333333333334
3 0.5138888888888888 0.165625 0.08333333333333333 0.06041666666666667
3 0.5368055555555555 0.12916666666666668 0.059722222222222225 0.041666666666666664
3 0.5819444444444445 0.14166666666666666 0.06111111111111111 0.05
3 0.6381944444444444 0.153125 0.06527777777777778 0.05625
2 0.6486111111111111 0.11458333333333333 0.05555555555555555 0.05416666666666667
2 0.7145833333333333 0.07916666666666666 0.0375 0.03333333333333333
3 0.7222222222222222 0.2947916666666667 0.12777777777777777 0.11875
2 0.8763888888888889 0.14895833333333333 0.04722222222222222 0.06041666666666667
3 0.8868055555555555 0.06770833333333333 0.02361111111111111 0.022916666666666665