2 0.6763888888888889 0.875 0.28055555555555556 0.21666666666666667
2 0.8152777777777778 0.771875 0.21388888888888888 0.15625
2 0.9152777777777777 0.703125 0.15 0.10208333333333333
3 0.61875 0.459375 0.08472222222222223 0.06458333333333334
4 0.5840277777777778 0.41041666666666665 0.0763888888888889 0.058333333333333334
3 0.6701388888888888 0.3020833333333333 0.04027777777777778 0.029166666666666667
3 0.5152777777777777 0.3885416666666667 0.06944444444444445 0.052083333333333336
3 0.3972222222222222 0.4510416666666667 0.08333333333333333 0.07708333333333334
3 0.27152777777777776 0.515625 0.12083333333333333 0.08541666666666667
2 0.3375 0.5572916666666666 0.12222222222222222 0.08541666666666667
2 0.36666666666666664 0.40729166666666666 0.09166666666666666 0.06458333333333334