2 0.46319444444444446 0.5447916666666667 0.10416666666666667 0.16041666666666668
3 0.3277777777777778 0.3125 0.05 0.05416666666666667
3 0.5784722222222223 0.2875 0.06527777777777778 0.05
4 0.725 0.315625 0.09444444444444444 0.06458333333333334
2 0.9215277777777777 0.29270833333333335 0.1125 0.06875
2 0.44375 0.20416666666666666 0.043055555555555555 0.03333333333333333
3 0.26875 0.20520833333333333 0.02638888888888889 0.027083333333333334
3 0.4340277777777778 0.16979166666666667 0.029166666666666667 0.027083333333333334
3 0.3638888888888889 0.15416666666666667 0.022222222222222223 0.025
4 0.2972222222222222 0.17291666666666666 0.05 0.075
3 0.3375 0.12395833333333334 0.016666666666666666 0.014583333333333334
3 0.31319444444444444 0.12916666666666668 0.018055555555555554 0.0125
3 0.29791666666666666 0.12291666666666666 0.015277777777777777 0.0125