2 0.6430555555555556 0.8666666666666667 0.26666666666666666 0.20416666666666666
2 0.7430555555555556 0.6375 0.19444444444444445 0.12916666666666668
2 0.46319444444444446 0.659375 0.16527777777777777 0.12708333333333333
3 0.6708333333333333 0.3229166666666667 0.044444444444444446 0.0375
3 0.4201388888888889 0.39479166666666665 0.07916666666666666 0.06875
2 0.35208333333333336 0.3885416666666667 0.0875 0.07291666666666667
4 0.44930555555555557 0.34479166666666666 0.08194444444444444 0.06041666666666667
2 0.5270833333333333 0.3572916666666667 0.05694444444444444 0.04791666666666667
2 0.53125 0.3260416666666667 0.05416666666666667 0.035416666666666666
3 0.6520833333333333 0.30104166666666665 0.0375 0.035416666666666666
3 0.0625 0.746875 0.11388888888888889 0.10208333333333333