2 0.3611111111111111 0.37083333333333335 0.06944444444444445 0.09166666666666666
3 0.4875 0.290625 0.06111111111111111 0.05625
3 0.4284722222222222 0.25 0.043055555555555555 0.041666666666666664
3 0.8006944444444445 0.40520833333333334 0.13472222222222222 0.08125
3 0.7777777777777778 0.528125 0.15555555555555556 0.11041666666666666
3 0.8381944444444445 0.8322916666666667 0.2125 0.26458333333333334
3 0.9229166666666667 0.6802083333333333 0.15416666666666667 0.16458333333333333
2 0.9618055555555556 0.30833333333333335 0.07083333333333333 0.05416666666666667
3 0.26180555555555557 0.19479166666666667 0.03194444444444444 0.03125
3 0.26875 0.15520833333333334 0.020833333333333332 0.01875
3 0.2881944444444444 0.17604166666666668 0.02361111111111111 0.022916666666666665