3 0.05 0.07083333333333333 0.025 0.025
2 0.2111111111111111 0.0625 0.05 0.029166666666666667
2 0.29791666666666666 0.184375 0.06527777777777778 0.06458333333333334
2 0.26805555555555555 0.22083333333333333 0.06944444444444445 0.0625
2 0.25555555555555554 0.28541666666666665 0.08888888888888889 0.09583333333333334
2 0.4951388888888889 0.3489583333333333 0.10416666666666667 0.10625
2 0.6166666666666667 0.33229166666666665 0.12222222222222222 0.10625
2 0.6715277777777777 0.44583333333333336 0.16805555555555557 0.15833333333333333
4 0.5256944444444445 0.153125 0.17083333333333334 0.11041666666666666
3 0.6784722222222223 0.24791666666666667 0.09583333333333334 0.0625
2 0.9340277777777778 0.60625 0.12638888888888888 0.16666666666666666