3 0.43333333333333335 0.38229166666666664 0.275 0.15208333333333332
2 0.5756944444444444 0.2760416666666667 0.2375 0.12291666666666666
3 0.7069444444444445 0.18958333333333333 0.12777777777777777 0.0625
2 0.8041666666666667 0.15833333333333333 0.10555555555555556 0.05416666666666667
2 0.10138888888888889 0.25625 0.16944444444444445 0.1125
2 0.058333333333333334 0.190625 0.075 0.06875
2 0.24166666666666667 0.16979166666666667 0.058333333333333334 0.06458333333333334
2 0.20972222222222223 0.14479166666666668 0.044444444444444446 0.04791666666666667
2 0.1798611111111111 0.12916666666666668 0.029166666666666667 0.041666666666666664
2 0.15625 0.11666666666666667 0.02638888888888889 0.041666666666666664
2 0.14375 0.10416666666666667 0.02638888888888889 0.041666666666666664
2 0.10902777777777778 0.175 0.043055555555555555 0.05
2 0.10416666666666667 0.14583333333333334 0.03611111111111111 0.05416666666666667