4 0.28125 0.49375 0.47638888888888886 0.4625
4 0.36736111111111114 0.3020833333333333 0.10972222222222222 0.0875
4 0.6145833333333334 0.29375 0.07916666666666666 0.10833333333333334
2 0.59375 0.26145833333333335 0.04583333333333333 0.052083333333333336
3 0.6840277777777778 0.26875 0.043055555555555555 0.041666666666666664
3 0.7201388888888889 0.23645833333333333 0.0375 0.035416666666666666
2 0.7645833333333333 0.2 0.034722222222222224 0.0375
3 0.8583333333333333 0.24375 0.03333333333333333 0.0375
3 0.7944444444444444 0.18645833333333334 0.025 0.022916666666666665
3 0.76875 0.14895833333333333 0.020833333333333332 0.022916666666666665
3 0.8027777777777778 0.14479166666666668 0.019444444444444445 0.022916666666666665
3 0.25 0.8458333333333333 0.22777777777777777 0.2375
3 0.8680555555555556 0.17083333333333334 0.019444444444444445 0.016666666666666666
3 0.9145833333333333 0.153125 0.015277777777777777 0.014583333333333334