3 0.9354166666666667 0.4239583333333333 0.12916666666666668 0.12708333333333333
3 0.925 0.325 0.14444444444444443 0.08333333333333333
2 0.8173611111111111 0.24479166666666666 0.15138888888888888 0.10625
2 0.7430555555555556 0.26979166666666665 0.1 0.08958333333333333
2 0.68125 0.29791666666666666 0.18194444444444444 0.1375
2 0.49444444444444446 0.253125 0.12777777777777777 0.10208333333333333
3 0.5701388888888889 0.22291666666666668 0.07083333333333333 0.07916666666666666
3 0.6652777777777777 0.21041666666666667 0.08888888888888889 0.0625
3 0.5527777777777778 0.1875 0.08333333333333333 0.05416666666666667
2 0.46805555555555556 0.15833333333333333 0.075 0.058333333333333334
3 0.3034722222222222 0.18854166666666666 0.043055555555555555 0.06458333333333334