3 0.19305555555555556 0.6375 0.16944444444444445 0.15416666666666667
3 0.3923611111111111 0.49583333333333335 0.10694444444444444 0.09166666666666666
2 0.5125 0.4010416666666667 0.10277777777777777 0.10208333333333333
2 0.6298611111111111 0.43125 0.10694444444444444 0.13333333333333333
3 0.75 0.44583333333333336 0.06944444444444445 0.07083333333333333
2 0.7527777777777778 0.3145833333333333 0.05277777777777778 0.07083333333333333
2 0.6458333333333334 0.225 0.041666666666666664 0.03333333333333333
3 0.30833333333333335 0.446875 0.12777777777777777 0.10208333333333333
2 0.14930555555555555 0.45625 0.1486111111111111 0.10833333333333334
3 0.6819444444444445 0.28854166666666664 0.05277777777777778 0.05625
2 0.8743055555555556 0.196875 0.02638888888888889 0.03125
2 0.91875 0.18958333333333333 0.018055555555555554 0.025
2 0.8625 0.1625 0.016666666666666666 0.020833333333333332
2 0.8444444444444444 0.15 0.016666666666666666 0.016666666666666666