2 0.23958333333333334 0.4510416666666667 0.20972222222222223 0.13958333333333334
2 0.37569444444444444 0.32916666666666666 0.19305555555555556 0.1375
4 0.5743055555555555 0.41041666666666665 0.2708333333333333 0.15
2 0.8284722222222223 0.5354166666666667 0.3125 0.20833333333333334
3 0.4652777777777778 0.2604166666666667 0.08611111111111111 0.05416666666666667
3 0.43125 0.23958333333333334 0.07083333333333333 0.041666666666666664
2 0.4361111111111111 0.23020833333333332 0.06944444444444445 0.052083333333333336
3 0.3486111111111111 0.25625 0.08611111111111111 0.04583333333333333
2 0.5152777777777777 0.228125 0.05555555555555555 0.04791666666666667
4 0.6402777777777777 0.18020833333333333 0.16944444444444445 0.11041666666666666
4 0.7618055555555555 0.18125 0.03194444444444444 0.029166666666666667
4 0.79375 0.16979166666666667 0.02638888888888889 0.035416666666666666