2 0.5166666666666667 0.671875 0.20833333333333334 0.14375
3 0.09097222222222222 0.6791666666666667 0.17083333333333334 0.125
3 0.49166666666666664 0.4625 0.1361111111111111 0.09166666666666666
2 0.6625 0.525 0.175 0.1125
2 0.9180555555555555 0.3958333333333333 0.10833333333333334 0.09166666666666666
2 0.45 0.26875 0.05277777777777778 0.0625
2 0.41944444444444445 0.24791666666666667 0.03888888888888889 0.041666666666666664
2 0.39305555555555555 0.22604166666666667 0.03611111111111111 0.03125
2 0.37083333333333335 0.20625 0.030555555555555555 0.041666666666666664
2 0.37916666666666665 0.2864583333333333 0.05 0.06041666666666667
2 0.35138888888888886 0.25833333333333336 0.03611111111111111 0.04583333333333333
2 0.30416666666666664 0.30416666666666664 0.041666666666666664 0.058333333333333334
4 0.26875 0.2125 0.0763888888888889 0.13333333333333333