4 0.08611111111111111 0.25729166666666664 0.16944444444444445 0.19375
2 0.40902777777777777 0.228125 0.14305555555555555 0.09791666666666667
3 0.6076388888888888 0.28958333333333336 0.20694444444444443 0.12083333333333333
3 0.8631944444444445 0.215625 0.1375 0.08125
2 0.3076388888888889 0.140625 0.06527777777777778 0.06458333333333334
2 0.23541666666666666 0.15208333333333332 0.05416666666666667 0.07083333333333333
3 0.16319444444444445 0.171875 0.05416666666666667 0.05625
3 0.13472222222222222 0.15520833333333334 0.03888888888888889 0.05625
2 0.15 0.10833333333333334 0.030555555555555555 0.04583333333333333
2 0.09305555555555556 0.1125 0.03333333333333333 0.03333333333333333
3 0.11944444444444445 0.134375 0.030555555555555555 0.04375
3 0.06944444444444445 0.09270833333333334 0.025 0.03125