2 0.7347222222222223 0.9458333333333333 0.18888888888888888 0.10833333333333334
2 0.48125 0.8072916666666666 0.18194444444444444 0.18958333333333333
3 0.5798611111111112 0.7270833333333333 0.15694444444444444 0.12083333333333333
2 0.6444444444444445 0.6510416666666666 0.15833333333333333 0.13125
2 0.46597222222222223 0.5822916666666667 0.11805555555555555 0.09791666666666667
2 0.28888888888888886 0.5114583333333333 0.1 0.07708333333333334
3 0.17291666666666666 0.48020833333333335 0.08194444444444444 0.05625
2 0.11597222222222223 0.4510416666666667 0.06805555555555555 0.05625
3 0.05 0.43125 0.05555555555555555 0.04583333333333333
3 0.0375 0.528125 0.05 0.06041666666666667
3 0.08819444444444445 0.34270833333333334 0.0375 0.027083333333333334