4 0.5479166666666667 0.725 0.17916666666666667 0.13333333333333333
3 0.4875 0.8385416666666666 0.22777777777777777 0.13125
3 0.46875 0.9604166666666667 0.2625 0.07916666666666666
2 0.8409722222222222 0.75625 0.19305555555555556 0.11666666666666667
3 0.8673611111111111 0.8802083333333334 0.24305555555555555 0.13958333333333334
3 0.1423611111111111 0.5041666666666667 0.09305555555555556 0.0625
3 0.05138888888888889 0.525 0.08888888888888889 0.075
3 0.14166666666666666 0.46875 0.08055555555555556 0.06666666666666667
4 0.2875 0.396875 0.1527777777777778 0.13958333333333334
3 0.39652777777777776 0.36354166666666665 0.04861111111111111 0.03958333333333333
2 0.43819444444444444 0.33645833333333336 0.029166666666666667 0.03958333333333333
2 0.47152777777777777 0.3177083333333333 0.034722222222222224 0.035416666666666666