3 0.0763888888888889 0.5125 0.1388888888888889 0.1125
3 0.06319444444444444 0.7645833333333333 0.11805555555555555 0.1625
3 0.2659722222222222 0.5947916666666667 0.17916666666666667 0.15625
3 0.32083333333333336 0.4354166666666667 0.14166666666666666 0.11666666666666667
2 0.41388888888888886 0.46979166666666666 0.11666666666666667 0.11875
2 0.5194444444444445 0.39166666666666666 0.08611111111111111 0.0875
2 0.5027777777777778 0.31354166666666666 0.06111111111111111 0.06875
2 0.6284722222222222 0.3125 0.0625 0.06666666666666667
2 0.6868055555555556 0.2760416666666667 0.04861111111111111 0.04791666666666667
2 0.8055555555555556 0.36770833333333336 0.058333333333333334 0.06458333333333334
2 0.7576388888888889 0.22083333333333333 0.034722222222222224 0.0375
2 0.7847222222222222 0.2 0.03333333333333333 0.03333333333333333
2 0.7388888888888889 0.16770833333333332 0.03333333333333333 0.035416666666666666
4 0.6381944444444444 0.196875 0.12083333333333333 0.11041666666666666