2 0.9 0.8208333333333333 0.2 0.3
2 0.6770833333333334 0.590625 0.20694444444444443 0.21875
2 0.7743055555555556 0.46770833333333334 0.24861111111111112 0.2604166666666667
4 0.8354166666666667 0.4239583333333333 0.1736111111111111 0.14791666666666667
2 0.6333333333333333 0.3260416666666667 0.11388888888888889 0.10625
3 0.5416666666666666 0.36666666666666664 0.12222222222222222 0.1
2 0.45069444444444445 0.41875 0.12361111111111112 0.12916666666666668
3 0.31805555555555554 0.31145833333333334 0.09444444444444444 0.08125
3 0.4215277777777778 0.29270833333333335 0.09583333333333334 0.07708333333333334
3 0.4965277777777778 0.2625 0.09027777777777778 0.07916666666666666
4 0.525 0.1375 0.14166666666666666 0.10416666666666667
4 0.16111111111111112 0.203125 0.07777777777777778 0.06458333333333334
3 0.09930555555555555 0.16041666666666668 0.034722222222222224 0.041666666666666664
3 0.06666666666666667 0.13645833333333332 0.03611111111111111 0.03958333333333333
2 0.02361111111111111 0.08854166666666667 0.025 0.035416666666666666