3 0.6090277777777777 0.753125 0.2013888888888889 0.11041666666666666
2 0.07291666666666667 0.665625 0.13194444444444445 0.09375
3 0.23125 0.50625 0.08472222222222223 0.07083333333333333
3 0.12638888888888888 0.5114583333333333 0.09444444444444444 0.06875
2 0.06111111111111111 0.503125 0.08888888888888889 0.07708333333333334
3 0.17222222222222222 0.45416666666666666 0.075 0.058333333333333334
3 0.2375 0.45 0.06944444444444445 0.05
3 0.25 0.4083333333333333 0.06111111111111111 0.0375
2 0.32708333333333334 0.3927083333333333 0.05694444444444444 0.05625
2 0.3173611111111111 0.37083333333333335 0.05138888888888889 0.05
4 0.4270833333333333 0.32083333333333336 0.10416666666666667 0.10833333333333334