3 0.2152777777777778 0.875 0.24722222222222223 0.25
2 0.07083333333333333 0.7322916666666667 0.13333333333333333 0.21458333333333332
3 0.2625 0.5864583333333333 0.16111111111111112 0.15208333333333332
2 0.6895833333333333 0.5583333333333333 0.10972222222222222 0.13333333333333333
2 0.6888888888888889 0.3697916666666667 0.08888888888888889 0.08541666666666667
2 0.53125 0.31145833333333334 0.07083333333333333 0.06041666666666667
2 0.7833333333333333 0.28541666666666665 0.041666666666666664 0.05416666666666667
2 0.8625 0.25833333333333336 0.03611111111111111 0.04583333333333333
2 0.8895833333333333 0.221875 0.02638888888888889 0.035416666666666666
2 0.84375 0.209375 0.02638888888888889 0.035416666666666666
2 0.7673611111111112 0.15729166666666666 0.02638888888888889 0.027083333333333334
2 0.8083333333333333 0.18229166666666666 0.025 0.027083333333333334
2 0.8777777777777778 0.17604166666666668 0.022222222222222223 0.027083333333333334
3 0.9145833333333333 0.18645833333333334 0.018055555555555554 0.022916666666666665
3 0.9298611111111111 0.16354166666666667 0.020833333333333332 0.027083333333333334
3 0.8951388888888889 0.15625 0.018055555555555554 0.020833333333333332