3 0.2013888888888889 0.365625 0.20277777777777778 0.15208333333333332
3 0.19166666666666668 0.28958333333333336 0.17222222222222222 0.10833333333333334
2 0.23125 0.21875 0.13194444444444445 0.0875
2 0.3541666666666667 0.21666666666666667 0.11666666666666667 0.1
2 0.3909722222222222 0.2520833333333333 0.14027777777777778 0.125
4 0.40902777777777777 0.12916666666666668 0.14583333333333334 0.11666666666666667
3 0.5159722222222223 0.16145833333333334 0.07916666666666666 0.06458333333333334
2 0.5298611111111111 0.11979166666666667 0.0625 0.04375
2 0.6020833333333333 0.10520833333333333 0.05694444444444444 0.052083333333333336
2 0.6611111111111111 0.09270833333333334 0.044444444444444446 0.03958333333333333
2 0.7118055555555556 0.07916666666666666 0.029166666666666667 0.03333333333333333
3 0.8958333333333334 0.07083333333333333 0.025 0.025