2 0.9409722222222222 0.88125 0.11805555555555555 0.22083333333333333
3 0.7416666666666667 0.671875 0.2222222222222222 0.22291666666666668
2 0.9083333333333333 0.5989583333333334 0.18333333333333332 0.19375
3 0.9541666666666667 0.43333333333333335 0.09166666666666666 0.09166666666666666
2 0.7965277777777777 0.4114583333333333 0.1625 0.13958333333333334
2 0.7701388888888889 0.3375 0.1375 0.10833333333333334
3 0.6805555555555556 0.4583333333333333 0.1638888888888889 0.13333333333333333
2 0.5277777777777778 0.48020833333333335 0.15833333333333333 0.16458333333333333
3 0.5138888888888888 0.36875 0.12222222222222222 0.1
2 0.6041666666666666 0.32916666666666666 0.125 0.1125
3 0.5652777777777778 0.26145833333333335 0.09444444444444444 0.06458333333333334
2 0.4888888888888889 0.275 0.08888888888888889 0.07916666666666666
2 0.4409722222222222 0.20625 0.08194444444444444 0.07083333333333333
2 0.39166666666666666 0.228125 0.075 0.06458333333333334
4 0.3472222222222222 0.334375 0.17222222222222222 0.21041666666666667
3 0.24097222222222223 0.296875 0.059722222222222225 0.07291666666666667
2 0.30625 0.19270833333333334 0.05416666666666667 0.04375
3 0.25277777777777777 0.21458333333333332 0.05555555555555555 0.05
3 0.2 0.2520833333333333 0.06388888888888888 0.0625
3 0.25416666666666665 0.16666666666666666 0.05277777777777778 0.05
3 0.19375 0.17708333333333334 0.05416666666666667 0.05416666666666667
3 0.14652777777777778 0.20625 0.05694444444444444 0.058333333333333334
3 0.10833333333333334 0.178125 0.03888888888888889 0.04791666666666667
3 0.14375 0.14375 0.043055555555555555 0.04583333333333333
3 0.19930555555555557 0.14479166666666668 0.04583333333333333 0.035416666666666666
3 0.0798611111111111 0.16458333333333333 0.03194444444444444 0.0375
3 0.05555555555555555 0.13958333333333334 0.03333333333333333 0.0375
3 0.09097222222222222 0.121875 0.029166666666666667 0.03958333333333333
3 0.17708333333333334 0.09375 0.02361111111111111 0.029166666666666667
2 0.06736111111111111 0.10729166666666666 0.020833333333333332 0.03125
3 0.03611111111111111 0.125 0.025 0.03333333333333333
2 0.020833333333333332 0.1125 0.025 0.03333333333333333