4 0.65 0.371875 0.3277777777777778 0.3645833333333333
2 0.2652777777777778 0.171875 0.06944444444444445 0.07708333333333334
3 0.9534722222222223 0.15520833333333334 0.08472222222222223 0.04791666666666667
3 0.17916666666666667 0.128125 0.03888888888888889 0.035416666666666666
3 0.09652777777777778 0.17916666666666667 0.059722222222222225 0.058333333333333334
2 0.1125 0.13854166666666667 0.03888888888888889 0.04375
3 0.13472222222222222 0.1 0.025 0.029166666666666667
3 0.08888888888888889 0.109375 0.030555555555555555 0.035416666666666666
3 0.10833333333333334 0.08541666666666667 0.019444444444444445 0.020833333333333332
3 0.075 0.096875 0.022222222222222223 0.027083333333333334
3 0.07222222222222222 0.06458333333333334 0.016666666666666666 0.020833333333333332
4 0.04513888888888889 0.065625 0.02361111111111111 0.03958333333333333