2 0.46041666666666664 0.5875 0.10138888888888889 0.14166666666666666
2 0.6638888888888889 0.5979166666666667 0.1388888888888889 0.17083333333333334
2 0.8875 0.4083333333333333 0.11388888888888889 0.08333333333333333
3 0.91875 0.3125 0.1486111111111111 0.06666666666666667
2 0.5097222222222222 0.31145833333333334 0.06388888888888888 0.10208333333333333
2 0.5048611111111111 0.2375 0.043055555555555555 0.0375
2 0.46041666666666664 0.2625 0.04583333333333333 0.05416666666666667
2 0.4076388888888889 0.309375 0.05416666666666667 0.06875
2 0.3263888888888889 0.32916666666666666 0.04722222222222222 0.09166666666666666
2 0.3548611111111111 0.25 0.0375 0.05
2 0.2951388888888889 0.259375 0.03194444444444444 0.052083333333333336
4 0.3104166666666667 0.18333333333333332 0.05694444444444444 0.09166666666666666