2 0.1798611111111111 0.6270833333333333 0.1736111111111111 0.17083333333333334
3 0.35555555555555557 0.5166666666666667 0.13055555555555556 0.1125
2 0.48819444444444443 0.41041666666666665 0.09583333333333334 0.10833333333333334
2 0.5770833333333333 0.35208333333333336 0.07083333333333333 0.07916666666666666
2 0.6305555555555555 0.3145833333333333 0.06388888888888888 0.0625
2 0.6805555555555556 0.284375 0.05 0.05625
2 0.7166666666666667 0.25833333333333336 0.03611111111111111 0.05
2 0.7472222222222222 0.2375 0.027777777777777776 0.041666666666666664
2 0.7666666666666667 0.22395833333333334 0.025 0.027083333333333334
2 0.7875 0.20416666666666666 0.025 0.03333333333333333
2 0.8111111111111111 0.19375 0.019444444444444445 0.025
2 0.7972222222222223 0.265625 0.03888888888888889 0.04791666666666667
2 0.8777777777777778 0.2375 0.03333333333333333 0.03333333333333333
3 0.8708333333333333 0.18958333333333333 0.019444444444444445 0.020833333333333332
3 0.925 0.175 0.016666666666666666 0.020833333333333332
3 0.9076388888888889 0.15729166666666666 0.018055555555555554 0.014583333333333334