2 0.875 0.753125 0.23333333333333334 0.26458333333333334
2 0.8583333333333333 0.5520833333333334 0.20555555555555555 0.20416666666666666
4 0.9208333333333333 0.484375 0.15833333333333333 0.16458333333333333
4 0.7298611111111111 0.375 0.21805555555555556 0.16666666666666666
3 0.5701388888888889 0.4041666666666667 0.12916666666666668 0.10833333333333334
2 0.6152777777777778 0.5479166666666667 0.16944444444444445 0.17916666666666667
2 0.4340277777777778 0.41354166666666664 0.13194444444444445 0.12708333333333333
2 0.42986111111111114 0.3145833333333333 0.09861111111111111 0.0875
2 0.47152777777777777 0.26666666666666666 0.09305555555555556 0.08333333333333333
4 0.3090277777777778 0.3177083333333333 0.11805555555555555 0.10625
2 0.33611111111111114 0.2552083333333333 0.08333333333333333 0.07291666666666667
2 0.3333333333333333 0.19375 0.06666666666666667 0.0625
3 0.20277777777777778 0.2604166666666667 0.07222222222222222 0.06666666666666667
2 0.2534722222222222 0.21458333333333332 0.06527777777777778 0.06666666666666667
2 0.2673611111111111 0.165625 0.05138888888888889 0.04791666666666667
2 0.14930555555555555 0.21354166666666666 0.05138888888888889 0.06458333333333334
3 0.19791666666666666 0.18541666666666667 0.04861111111111111 0.04583333333333333
2 0.20833333333333334 0.14166666666666666 0.04722222222222222 0.041666666666666664
2 0.10555555555555556 0.16979166666666667 0.04722222222222222 0.052083333333333336
3 0.15763888888888888 0.15625 0.04027777777777778 0.0375
2 0.17569444444444443 0.12708333333333333 0.03194444444444444 0.041666666666666664
2 0.12638888888888888 0.13645833333333332 0.041666666666666664 0.04375
2 0.06944444444444445 0.14791666666666667 0.03611111111111111 0.041666666666666664
3 0.04513888888888889 0.13541666666666666 0.03194444444444444 0.0375
2 0.3541666666666667 0.109375 0.04722222222222222 0.03958333333333333