4 0.44305555555555554 0.325 0.04722222222222222 0.04583333333333333
4 0.3145833333333333 0.27395833333333336 0.02638888888888889 0.027083333333333334
3 0.30416666666666664 0.28958333333333336 0.008333333333333333 0.008333333333333333
3 0.34305555555555556 0.31354166666666666 0.013888888888888888 0.014583333333333334
3 0.37916666666666665 0.321875 0.013888888888888888 0.014583333333333334
3 0.50625 0.37395833333333334 0.020833333333333332 0.014583333333333334
2 0.4409722222222222 0.4427083333333333 0.02638888888888889 0.03125
3 0.4548611111111111 0.409375 0.02361111111111111 0.022916666666666665
2 0.46041666666666664 0.490625 0.03194444444444444 0.03125
4 0.5256944444444445 0.45416666666666666 0.0375 0.0375
2 0.5638888888888889 0.4947916666666667 0.03611111111111111 0.03958333333333333
2 0.5840277777777778 0.540625 0.043055555555555555 0.03958333333333333
2 0.6375 0.5364583333333334 0.041666666666666664 0.04375
2 0.6506944444444445 0.5104166666666666 0.04583333333333333 0.04583333333333333
2 0.8854166666666666 0.5229166666666667 0.04861111111111111 0.03333333333333333
3 0.9527777777777777 0.6833333333333333 0.058333333333333334 0.058333333333333334
3 0.28888888888888886 0.36875 0.013888888888888888 0.0125
3 0.28958333333333336 0.35208333333333336 0.015277777777777777 0.0125
3 0.22708333333333333 0.32395833333333335 0.0125 0.014583333333333334
3 0.23958333333333334 0.30833333333333335 0.0125 0.0125