4 0.5951388888888889 0.3302083333333333 0.12638888888888888 0.09375
4 0.71875 0.18020833333333333 0.043055555555555555 0.035416666666666666
4 0.775 0.16875 0.030555555555555555 0.025
4 0.8402777777777778 0.14895833333333333 0.025 0.022916666666666665
2 0.45902777777777776 0.4666666666666667 0.05694444444444444 0.04583333333333333
2 0.36736111111111114 0.41458333333333336 0.04861111111111111 0.03333333333333333
2 0.24791666666666667 0.546875 0.07083333333333333 0.06041666666666667
2 0.16111111111111112 0.653125 0.09166666666666666 0.07291666666666667
2 0.24513888888888888 0.5020833333333333 0.06805555555555555 0.04583333333333333
3 0.7388888888888889 0.2916666666666667 0.022222222222222223 0.016666666666666666
3 0.6979166666666666 0.253125 0.020833333333333332 0.01875
3 0.8118055555555556 0.24583333333333332 0.015277777777777777 0.016666666666666666
3 0.7986111111111112 0.221875 0.011111111111111112 0.010416666666666666
3 0.6833333333333333 0.21458333333333332 0.013888888888888888 0.016666666666666666
3 0.5388888888888889 0.25625 0.022222222222222223 0.016666666666666666
3 0.8430555555555556 0.209375 0.013888888888888888 0.014583333333333334
3 0.8694444444444445 0.21041666666666667 0.011111111111111112 0.0125
3 0.80625 0.20625 0.009722222222222222 0.0125