4 0.5069444444444444 0.38333333333333336 0.10555555555555556 0.08333333333333333
3 0.8159722222222222 0.23541666666666666 0.015277777777777777 0.0125
2 0.23125 0.371875 0.04861111111111111 0.03958333333333333
2 0.21458333333333332 0.36041666666666666 0.05138888888888889 0.0375
3 0.2763888888888889 0.325 0.041666666666666664 0.025
3 0.42430555555555555 0.2916666666666667 0.034722222222222224 0.03333333333333333
3 0.4534722222222222 0.265625 0.02638888888888889 0.01875
3 0.4979166666666667 0.27395833333333336 0.02638888888888889 0.022916666666666665
3 0.5347222222222222 0.2760416666666667 0.025 0.01875
3 0.6534722222222222 0.22916666666666666 0.020833333333333332 0.0125
3 0.6395833333333333 0.225 0.015277777777777777 0.0125