4 0.20347222222222222 0.58125 0.12916666666666668 0.1125
2 0.2388888888888889 0.9333333333333333 0.15833333333333333 0.13333333333333333
2 0.4222222222222222 0.4864583333333333 0.07222222222222222 0.07708333333333334
4 0.47152777777777777 0.3802083333333333 0.0625 0.06041666666666667
2 0.5694444444444444 0.3020833333333333 0.03888888888888889 0.041666666666666664
2 0.6347222222222222 0.29270833333333335 0.03333333333333333 0.03958333333333333
2 0.6868055555555556 0.246875 0.02638888888888889 0.03125
2 0.7215277777777778 0.2125 0.02361111111111111 0.025
3 0.7222222222222222 0.18958333333333333 0.016666666666666666 0.016666666666666666
3 0.6694444444444444 0.628125 0.06666666666666667 0.08541666666666667
3 0.7944444444444444 0.6114583333333333 0.058333333333333334 0.09375
3 0.7631944444444444 0.3927083333333333 0.0375 0.052083333333333336
3 0.8486111111111111 0.33958333333333335 0.030555555555555555 0.041666666666666664
3 0.8631944444444445 0.26979166666666665 0.015277777777777777 0.022916666666666665
3 0.8270833333333333 0.23229166666666667 0.015277777777777777 0.01875
3 0.8673611111111111 0.2375 0.018055555555555554 0.0125
3 0.8694444444444445 0.225 0.013888888888888888 0.0125
2 0.8736111111111111 0.196875 0.013888888888888888 0.022916666666666665
3 0.8395833333333333 0.19375 0.0125 0.016666666666666666
3 0.8506944444444444 0.16770833333333332 0.0125 0.010416666666666666
3 0.8583333333333333 0.15104166666666666 0.008333333333333333 0.010416666666666666
3 0.8756944444444444 0.17604166666666668 0.0125 0.010416666666666666