4 0.33194444444444443 0.2875 0.030555555555555555 0.03333333333333333
2 0.7645833333333333 0.6364583333333333 0.07361111111111111 0.08125
3 0.8083333333333333 0.4895833333333333 0.03611111111111111 0.025
2 0.7270833333333333 0.6802083333333333 0.07361111111111111 0.07708333333333334
3 0.875 0.6291666666666667 0.06111111111111111 0.058333333333333334
3 0.6409722222222223 0.61875 0.05138888888888889 0.04583333333333333
3 0.4388888888888889 0.4739583333333333 0.027777777777777776 0.03125
3 0.4597222222222222 0.409375 0.022222222222222223 0.022916666666666665
2 0.40625 0.39791666666666664 0.029166666666666667 0.025
3 0.37569444444444444 0.425 0.02361111111111111 0.025
2 0.32916666666666666 0.3927083333333333 0.019444444444444445 0.022916666666666665
3 0.3527777777777778 0.36875 0.016666666666666666 0.016666666666666666
3 0.36736111111111114 0.35833333333333334 0.015277777777777777 0.016666666666666666
3 0.32708333333333334 0.33645833333333336 0.015277777777777777 0.01875
3 0.3111111111111111 0.34270833333333334 0.013888888888888888 0.014583333333333334
3 0.3034722222222222 0.3572916666666667 0.0125 0.010416666666666666
3 0.29444444444444445 0.371875 0.019444444444444445 0.01875
3 0.35347222222222224 0.309375 0.0125 0.010416666666666666
3 0.4048611111111111 0.31145833333333334 0.009722222222222222 0.010416666666666666
3 0.22777777777777777 0.321875 0.011111111111111112 0.014583333333333334
3 0.2076388888888889 0.30625 0.0125 0.020833333333333332
3 0.25833333333333336 0.3020833333333333 0.011111111111111112 0.0125
3 0.28541666666666665 0.3145833333333333 0.0125 0.0125
3 0.22708333333333333 0.29583333333333334 0.009722222222222222 0.0125