2 0.05 0.8322916666666667 0.09722222222222222 0.15208333333333332
2 0.08402777777777778 0.6427083333333333 0.12916666666666668 0.12291666666666666
2 0.18819444444444444 0.6697916666666667 0.13472222222222222 0.14375
2 0.3763888888888889 0.5104166666666666 0.08611111111111111 0.09166666666666666
3 0.3013888888888889 0.4875 0.09444444444444444 0.08333333333333333
3 0.40694444444444444 0.4 0.058333333333333334 0.07083333333333333
0 0.4673611111111111 0.39895833333333336 0.1125 0.12708333333333333
3 0.54375 0.3625 0.04861111111111111 0.04583333333333333
2 0.5208333333333334 0.315625 0.04722222222222222 0.04791666666666667
3 0.5826388888888889 0.321875 0.04027777777777778 0.04375
3 0.5611111111111111 0.29270833333333335 0.03888888888888889 0.035416666666666666
2 0.6284722222222222 0.278125 0.0375 0.052083333333333336
3 0.5965277777777778 0.265625 0.0375 0.03125
3 0.6236111111111111 0.240625 0.027777777777777776 0.03125
3 0.6479166666666667 0.22604166666666667 0.020833333333333332 0.022916666666666665
0 0.6805555555555556 0.22291666666666668 0.05277777777777778 0.07083333333333333
0 0.7229166666666667 0.18541666666666667 0.0375 0.05
3 0.7590277777777777 0.165625 0.015277777777777777 0.014583333333333334
3 0.7694444444444445 0.15208333333333332 0.013888888888888888 0.016666666666666666
3 0.78125 0.140625 0.0125 0.014583333333333334
3 0.7618055555555555 0.13645833333333332 0.0125 0.014583333333333334
4 0.73125 0.14583333333333334 0.02638888888888889 0.029166666666666667