2 0.7701388888888889 0.71875 0.10972222222222222 0.1375
2 0.6125 0.4 0.03611111111111111 0.04583333333333333
2 0.5583333333333333 0.3260416666666667 0.030555555555555555 0.03125
3 0.5590277777777778 0.284375 0.020833333333333332 0.027083333333333334
2 0.5277777777777778 0.24895833333333334 0.022222222222222223 0.027083333333333334
3 0.5145833333333333 0.228125 0.0125 0.01875
3 0.5083333333333333 0.20729166666666668 0.011111111111111112 0.014583333333333334
2 0.3277777777777778 0.29375 0.025 0.020833333333333332
4 0.31319444444444444 0.2604166666666667 0.05416666666666667 0.04583333333333333
4 0.275 0.24375 0.05 0.0375
4 0.22291666666666668 0.228125 0.03194444444444444 0.027083333333333334
0 0.08888888888888889 0.25625 0.022222222222222223 0.03333333333333333
3 0.15138888888888888 0.2947916666666667 0.025 0.022916666666666665
3 0.2125 0.35520833333333335 0.027777777777777776 0.022916666666666665