2 0.12222222222222222 0.6395833333333333 0.1527777777777778 0.15833333333333333
2 0.15763888888888888 0.7239583333333334 0.13194444444444445 0.14375
3 0.2861111111111111 0.7458333333333333 0.12777777777777777 0.16666666666666666
2 0.35208333333333336 0.8635416666666667 0.15138888888888888 0.19791666666666666
2 0.48194444444444445 0.4322916666666667 0.06388888888888888 0.06875
3 0.4652777777777778 0.3854166666666667 0.05555555555555555 0.04583333333333333
2 0.5791666666666667 0.3385416666666667 0.044444444444444446 0.052083333333333336
2 0.5805555555555556 0.2916666666666667 0.03888888888888889 0.03333333333333333
2 0.7423611111111111 0.46979166666666666 0.05416666666666667 0.07708333333333334
2 0.81875 0.253125 0.020833333333333332 0.027083333333333334
3 0.7104166666666667 0.22083333333333333 0.020833333333333332 0.025
3 0.7131944444444445 0.19479166666666667 0.015277777777777777 0.01875
3 0.7652777777777777 0.18020833333333333 0.016666666666666666 0.01875
3 0.7902777777777777 0.15520833333333334 0.013888888888888888 0.01875