4 0.30694444444444446 0.2791666666666667 0.027777777777777776 0.029166666666666667
4 0.35625 0.2916666666666667 0.03194444444444444 0.029166666666666667
0 0.45902777777777776 0.3302083333333333 0.04583333333333333 0.04375
4 0.3090277777777778 0.34791666666666665 0.043055555555555555 0.05416666666666667
4 0.25416666666666665 0.33645833333333336 0.03611111111111111 0.04791666666666667
3 0.3486111111111111 0.353125 0.016666666666666666 0.014583333333333334
3 0.43194444444444446 0.3927083333333333 0.022222222222222223 0.01875
2 0.5277777777777778 0.5010416666666667 0.030555555555555555 0.03125
2 0.7027777777777777 0.5729166666666666 0.05 0.04583333333333333
2 0.8506944444444444 0.49583333333333335 0.05416666666666667 0.0375
3 0.45 0.36041666666666666 0.016666666666666666 0.0125
3 0.39375 0.334375 0.015277777777777777 0.014583333333333334
3 0.22708333333333333 0.30833333333333335 0.0125 0.016666666666666666
3 0.25972222222222224 0.30416666666666664 0.011111111111111112 0.0125