4 0.4625 0.4510416666666667 0.06666666666666667 0.06875
4 0.32569444444444445 0.38958333333333334 0.034722222222222224 0.04583333333333333
4 0.25069444444444444 0.32708333333333334 0.029166666666666667 0.041666666666666664
4 0.5597222222222222 0.38958333333333334 0.030555555555555555 0.041666666666666664
4 0.6944444444444444 0.44479166666666664 0.03611111111111111 0.03125
4 0.6986111111111111 0.42291666666666666 0.027777777777777776 0.020833333333333332
4 0.7680555555555556 0.46041666666666664 0.03888888888888889 0.029166666666666667
4 0.78125 0.5020833333333333 0.04027777777777778 0.03333333333333333
4 0.8659722222222223 0.47708333333333336 0.043055555555555555 0.03333333333333333
4 0.9493055555555555 0.5729166666666666 0.05138888888888889 0.04583333333333333
4 0.6361111111111111 0.4125 0.025 0.025
4 0.6361111111111111 0.44375 0.027777777777777776 0.025
4 0.4305555555555556 0.32708333333333334 0.03333333333333333 0.0375
4 0.45 0.34791666666666665 0.03333333333333333 0.0375
4 0.3611111111111111 0.30520833333333336 0.041666666666666664 0.035416666666666666