4 0.6138888888888889 0.5104166666666666 0.1388888888888889 0.14166666666666666
3 0.5729166666666666 0.5770833333333333 0.043055555555555555 0.041666666666666664
2 0.7604166666666666 0.7125 0.0763888888888889 0.08333333333333333
2 0.8340277777777778 0.696875 0.07361111111111111 0.07291666666666667
2 0.5944444444444444 0.4166666666666667 0.03333333333333333 0.041666666666666664
3 0.4486111111111111 0.48333333333333334 0.03333333333333333 0.03333333333333333
3 0.46875 0.4375 0.02638888888888889 0.020833333333333332
4 0.4340277777777778 0.434375 0.04027777777777778 0.04791666666666667
3 0.4076388888888889 0.4041666666666667 0.02638888888888889 0.029166666666666667
3 0.3875 0.371875 0.022222222222222223 0.022916666666666665
3 0.34097222222222223 0.38645833333333335 0.018055555555555554 0.01875
0 0.3527777777777778 0.3614583333333333 0.025 0.03958333333333333
3 0.3104166666666667 0.33125 0.018055555555555554 0.016666666666666666
3 0.2611111111111111 0.31875 0.011111111111111112 0.0125
3 0.2791666666666667 0.3145833333333333 0.011111111111111112 0.016666666666666666
3 0.22569444444444445 0.2864583333333333 0.009722222222222222 0.014583333333333334
3 0.28888888888888886 0.2916666666666667 0.011111111111111112 0.0125
3 0.3145833333333333 0.29583333333333334 0.009722222222222222 0.0125
3 0.35 0.3125 0.011111111111111112 0.0125