4 0.22083333333333333 0.3125 0.025 0.03333333333333333
4 0.4263888888888889 0.31875 0.041666666666666664 0.041666666666666664
3 0.2701388888888889 0.30625 0.0125 0.016666666666666666
3 0.2569444444444444 0.32916666666666666 0.013888888888888888 0.0125
3 0.28402777777777777 0.32916666666666666 0.0125 0.016666666666666666
3 0.2951388888888889 0.3229166666666667 0.009722222222222222 0.0125
3 0.36666666666666664 0.3770833333333333 0.019444444444444445 0.020833333333333332
3 0.36736111111111114 0.3614583333333333 0.015277777777777777 0.014583333333333334
3 0.33819444444444446 0.3854166666666667 0.015277777777777777 0.016666666666666666
3 0.2923611111111111 0.371875 0.015277777777777777 0.01875
3 0.4173611111111111 0.46041666666666664 0.029166666666666667 0.029166666666666667
3 0.4375 0.41875 0.025 0.03333333333333333
3 0.46458333333333335 0.409375 0.020833333333333332 0.022916666666666665
2 0.5756944444444444 0.565625 0.04583333333333333 0.04791666666666667
2 0.7791666666666667 0.5802083333333333 0.05 0.04791666666666667
2 0.8326388888888889 0.6479166666666667 0.06805555555555555 0.0625
3 0.7833333333333333 0.7197916666666667 0.07222222222222222 0.06458333333333334
3 0.9694444444444444 0.8635416666666667 0.04722222222222222 0.06875