4 0.3770833333333333 0.32708333333333334 0.07083333333333333 0.08333333333333333
4 0.6006944444444444 0.465625 0.1486111111111111 0.14791666666666667
2 0.78125 0.6479166666666667 0.09027777777777778 0.10416666666666667
2 0.6305555555555555 0.353125 0.030555555555555555 0.027083333333333334
2 0.6076388888888888 0.3229166666666667 0.020833333333333332 0.020833333333333332
3 0.8958333333333334 0.425 0.04722222222222222 0.025
4 0.3506944444444444 0.225 0.029166666666666667 0.029166666666666667
4 0.30069444444444443 0.21041666666666667 0.02361111111111111 0.025
3 0.4708333333333333 0.4395833333333333 0.03333333333333333 0.03333333333333333
3 0.30277777777777776 0.26458333333333334 0.013888888888888888 0.016666666666666666
3 0.2875 0.25625 0.011111111111111112 0.0125
3 0.275 0.2677083333333333 0.013888888888888888 0.01875