4 0.3111111111111111 0.875 0.18333333333333332 0.23333333333333334
2 0.20416666666666666 0.8208333333333333 0.16666666666666666 0.20416666666666666
3 0.14930555555555555 0.7416666666666667 0.1375 0.1375
3 0.058333333333333334 0.6291666666666667 0.10277777777777777 0.09583333333333334
3 0.2777777777777778 0.6197916666666666 0.10555555555555556 0.09791666666666667
2 0.2625 0.528125 0.1 0.09375
2 0.35625 0.6447916666666667 0.11527777777777778 0.13958333333333334
2 0.5159722222222223 0.6 0.09027777777777778 0.10416666666666667
2 0.5805555555555556 0.49166666666666664 0.06944444444444445 0.08333333333333333
2 0.6368055555555555 0.4166666666666667 0.059722222222222225 0.08333333333333333
2 0.8048611111111111 0.49895833333333334 0.04583333333333333 0.06041666666666667
2 0.40208333333333335 0.49375 0.0763888888888889 0.075
2 0.5048611111111111 0.40625 0.05694444444444444 0.05416666666666667
2 0.5083333333333333 0.35 0.04722222222222222 0.041666666666666664
2 0.5625 0.35833333333333334 0.04722222222222222 0.05
2 0.6159722222222223 0.3125 0.0375 0.03333333333333333
3 0.6583333333333333 0.26875 0.027777777777777776 0.029166666666666667
3 0.6680555555555555 0.22395833333333334 0.025 0.027083333333333334
2 0.7208333333333333 0.20729166666666668 0.025 0.027083333333333334
2 0.7222222222222222 0.184375 0.019444444444444445 0.027083333333333334
3 0.7479166666666667 0.18854166666666666 0.015277777777777777 0.014583333333333334
3 0.74375 0.16875 0.0125 0.0125
3 0.7666666666666667 0.17083333333333334 0.016666666666666666 0.016666666666666666
3 0.7604166666666666 0.159375 0.009722222222222222 0.014583333333333334
3 0.8340277777777778 0.203125 0.020833333333333332 0.027083333333333334
3 0.875 0.2 0.013888888888888888 0.016666666666666666
2 0.8513888888888889 0.290625 0.022222222222222223 0.03125