2 0.2604166666666667 0.515625 0.09861111111111111 0.10625
3 0.4652777777777778 0.353125 0.06111111111111111 0.06041666666666667
3 0.4708333333333333 0.4270833333333333 0.07222222222222222 0.07083333333333333
3 0.5805555555555556 0.26979166666666665 0.03888888888888889 0.035416666666666666
2 0.6715277777777777 0.23229166666666667 0.03194444444444444 0.035416666666666666
3 0.7631944444444444 0.36875 0.0375 0.05
2 0.8243055555555555 0.41041666666666665 0.043055555555555555 0.058333333333333334
2 0.85 0.25833333333333336 0.027777777777777776 0.029166666666666667
2 0.8159722222222222 0.22708333333333333 0.020833333333333332 0.020833333333333332
2 0.83125 0.1875 0.015277777777777777 0.016666666666666666
2 0.8618055555555556 0.20104166666666667 0.018055555555555554 0.014583333333333334