3 0.5291666666666667 0.55 0.10277777777777777 0.12916666666666668
3 0.6027777777777777 0.48333333333333334 0.09444444444444444 0.1
2 0.7680555555555556 0.9270833333333334 0.18055555555555555 0.14583333333333334
3 0.40347222222222223 0.3385416666666667 0.04583333333333333 0.05625
3 0.44513888888888886 0.28125 0.043055555555555555 0.04583333333333333
3 0.36736111111111114 0.184375 0.02361111111111111 0.027083333333333334
3 0.3194444444444444 0.18229166666666666 0.030555555555555555 0.027083333333333334
2 0.33611111111111114 0.14166666666666666 0.016666666666666666 0.020833333333333332
3 0.3333333333333333 0.11354166666666667 0.013888888888888888 0.01875
3 0.35 0.075 0.011111111111111112 0.0125
2 0.29375 0.07395833333333333 0.009722222222222222 0.01875
2 0.31527777777777777 0.09479166666666666 0.013888888888888888 0.01875