4 0.6826388888888889 0.3104166666666667 0.08472222222222223 0.0875
2 0.8402777777777778 0.4270833333333333 0.1 0.075
2 0.45208333333333334 0.2 0.03194444444444444 0.03333333333333333
2 0.47708333333333336 0.178125 0.02361111111111111 0.027083333333333334
3 0.39444444444444443 0.14270833333333333 0.019444444444444445 0.01875
3 0.30694444444444446 0.15729166666666666 0.016666666666666666 0.01875
2 0.33125 0.140625 0.020833333333333332 0.022916666666666665
2 0.36319444444444443 0.11354166666666667 0.015277777777777777 0.01875
3 0.29583333333333334 0.1125 0.016666666666666666 0.016666666666666666
2 0.29305555555555557 0.09479166666666666 0.013888888888888888 0.014583333333333334
2 0.3138888888888889 0.078125 0.013888888888888888 0.014583333333333334