2 0.11736111111111111 0.6697916666666667 0.19027777777777777 0.17708333333333334
2 0.38819444444444445 0.7166666666666667 0.1763888888888889 0.1625
2 0.4395833333333333 0.8927083333333333 0.19583333333333333 0.21458333333333332
3 0.6506944444444445 0.43854166666666666 0.07916666666666666 0.06458333333333334
2 0.8104166666666667 0.34479166666666666 0.06805555555555555 0.08541666666666667
2 0.75625 0.309375 0.0375 0.04375
2 0.8145833333333333 0.25 0.034722222222222224 0.029166666666666667
2 0.8548611111111111 0.27708333333333335 0.0375 0.0375
3 0.8722222222222222 0.23854166666666668 0.025 0.022916666666666665
2 0.8416666666666667 0.21041666666666667 0.025 0.025
2 0.8631944444444445 0.18958333333333333 0.020833333333333332 0.020833333333333332
2 0.8916666666666667 0.165625 0.019444444444444445 0.022916666666666665
3 0.8888888888888888 0.21770833333333334 0.022222222222222223 0.022916666666666665
2 0.9125 0.18958333333333333 0.025 0.025
2 0.9298611111111111 0.175 0.020833333333333332 0.020833333333333332
2 0.9465277777777777 0.15 0.018055555555555554 0.020833333333333332