3 0.25416666666666665 0.5197916666666667 0.16111111111111112 0.08125
3 0.29930555555555555 0.38229166666666664 0.06805555555555555 0.07291666666666667
2 0.32430555555555557 0.3302083333333333 0.04027777777777778 0.04375
3 0.30416666666666664 0.27708333333333335 0.03611111111111111 0.04583333333333333
3 0.6451388888888889 0.3072916666666667 0.0625 0.04375
2 0.49166666666666664 0.22604166666666667 0.03888888888888889 0.035416666666666666
2 0.5201388888888889 0.21666666666666667 0.04027777777777778 0.03333333333333333
2 0.4708333333333333 0.17604166666666668 0.030555555555555555 0.027083333333333334
2 0.3909722222222222 0.22291666666666668 0.02638888888888889 0.03333333333333333
2 0.35347222222222224 0.17083333333333334 0.02361111111111111 0.025
3 0.3375 0.14479166666666668 0.016666666666666666 0.01875
3 0.3576388888888889 0.13333333333333333 0.018055555555555554 0.020833333333333332
2 0.28125 0.14583333333333334 0.018055555555555554 0.020833333333333332
4 0.2847222222222222 0.1 0.019444444444444445 0.03333333333333333