2 0.08680555555555555 0.5375 0.15694444444444444 0.15
3 0.22777777777777777 0.5572916666666666 0.14166666666666666 0.12291666666666666
3 0.2048611111111111 0.7197916666666667 0.19027777777777777 0.18958333333333333
2 0.3923611111111111 0.41354166666666664 0.10694444444444444 0.11458333333333333
3 0.4847222222222222 0.359375 0.07777777777777778 0.06875
2 0.7104166666666667 0.46979166666666666 0.09027777777777778 0.11041666666666666
3 0.5444444444444444 0.31145833333333334 0.06944444444444445 0.06041666666666667
3 0.6048611111111111 0.26666666666666666 0.05138888888888889 0.05
3 0.6777777777777778 0.21458333333333332 0.03888888888888889 0.03333333333333333
2 0.5479166666666667 0.25 0.05138888888888889 0.05
2 0.8590277777777777 0.13020833333333334 0.015277777777777777 0.01875
2 0.90625 0.10833333333333334 0.015277777777777777 0.016666666666666666
2 0.8520833333333333 0.08541666666666667 0.015277777777777777 0.016666666666666666
3 0.8090277777777778 0.103125 0.018055555555555554 0.01875