3 0.4909722222222222 0.34270833333333334 0.0625 0.07708333333333334
4 0.46458333333333335 0.28958333333333336 0.05416666666666667 0.05
3 0.4305555555555556 0.25729166666666664 0.04722222222222222 0.052083333333333336
3 0.3993055555555556 0.23020833333333332 0.0375 0.04375
3 0.3854166666666667 0.2 0.03194444444444444 0.029166666666666667
3 0.3659722222222222 0.18020833333333333 0.03194444444444444 0.03125
3 0.4354166666666667 0.16145833333333334 0.02638888888888889 0.022916666666666665
2 0.37916666666666665 0.3260416666666667 0.06388888888888888 0.08541666666666667
4 0.35 0.2604166666666667 0.06666666666666667 0.09166666666666666
3 0.33055555555555555 0.22395833333333334 0.041666666666666664 0.03125
2 0.32222222222222224 0.20520833333333333 0.027777777777777776 0.027083333333333334
3 0.3125 0.184375 0.030555555555555555 0.035416666666666666
3 0.29930555555555555 0.165625 0.02361111111111111 0.03125
3 0.2916666666666667 0.15416666666666667 0.019444444444444445 0.025
3 0.2743055555555556 0.090625 0.015277777777777777 0.01875
3 0.275 0.075 0.008333333333333333 0.008333333333333333
3 0.35694444444444445 0.08958333333333333 0.011111111111111112 0.0125