3 0.5340277777777778 0.6875 0.13472222222222222 0.18333333333333332
3 0.6666666666666666 0.5635416666666667 0.13333333333333333 0.15625
2 0.8770833333333333 0.48854166666666665 0.13472222222222222 0.11041666666666666
2 0.9604166666666667 0.4708333333333333 0.07916666666666666 0.1
2 0.5097222222222222 0.3572916666666667 0.08333333333333333 0.09791666666666667
2 0.3909722222222222 0.36041666666666666 0.06527777777777778 0.07916666666666666
2 0.46041666666666664 0.28541666666666665 0.05694444444444444 0.07083333333333333
2 0.4111111111111111 0.23854166666666668 0.044444444444444446 0.05625
2 0.34375 0.271875 0.043055555555555555 0.06041666666666667
2 0.325 0.21458333333333332 0.03611111111111111 0.04583333333333333
2 0.3090277777777778 0.18541666666666667 0.034722222222222224 0.0375
2 0.37222222222222223 0.20104166666666667 0.03333333333333333 0.04375