4 0.11041666666666666 0.6385416666666667 0.20416666666666666 0.18125
3 0.3277777777777778 0.46458333333333335 0.12222222222222222 0.10416666666666667
2 0.5027777777777778 0.40208333333333335 0.10833333333333334 0.11666666666666667
2 0.42777777777777776 0.3770833333333333 0.08888888888888889 0.09583333333333334
3 0.38125 0.353125 0.08194444444444444 0.06458333333333334
3 0.5638888888888889 0.28541666666666665 0.06111111111111111 0.058333333333333334
2 0.6534722222222222 0.21145833333333333 0.04861111111111111 0.052083333333333336
3 0.7347222222222223 0.15104166666666666 0.022222222222222223 0.027083333333333334
2 0.7215277777777778 0.13854166666666667 0.02361111111111111 0.027083333333333334
3 0.7902777777777777 0.121875 0.019444444444444445 0.01875
3 0.8625 0.115625 0.022222222222222223 0.01875
3 0.7763888888888889 0.10833333333333334 0.019444444444444445 0.020833333333333332
3 0.8319444444444445 0.09375 0.016666666666666666 0.016666666666666666
4 0.8986111111111111 0.06875 0.019444444444444445 0.029166666666666667