2 0.5409722222222222 0.2677083333333333 0.0763888888888889 0.13125
4 0.37777777777777777 0.17604166666666668 0.08333333333333333 0.11458333333333333
3 0.48194444444444445 0.3302083333333333 0.058333333333333334 0.07291666666666667
2 0.4423611111111111 0.28020833333333334 0.05416666666666667 0.07291666666666667
3 0.4152777777777778 0.24791666666666667 0.041666666666666664 0.04583333333333333
2 0.3784722222222222 0.3416666666666667 0.06527777777777778 0.09583333333333334
2 0.36041666666666666 0.2875 0.04861111111111111 0.058333333333333334
2 0.3423611111111111 0.25104166666666666 0.04861111111111111 0.06041666666666667
2 0.33125 0.21666666666666667 0.04027777777777778 0.041666666666666664
3 0.31666666666666665 0.20416666666666666 0.03333333333333333 0.041666666666666664
2 0.3034722222222222 0.178125 0.0375 0.04375
3 0.2965277777777778 0.14375 0.02638888888888889 0.025
3 0.28194444444444444 0.134375 0.016666666666666666 0.03125