4 0.7416666666666667 0.16458333333333333 0.18888888888888888 0.075
3 0.8444444444444444 0.13020833333333334 0.03611111111111111 0.022916666666666665
3 0.96875 0.13020833333333334 0.034722222222222224 0.022916666666666665
2 0.8194444444444444 0.46770833333333334 0.16944444444444445 0.15625
2 0.8958333333333334 0.6541666666666667 0.19722222222222222 0.23333333333333334
2 0.8180555555555555 0.7697916666666667 0.2638888888888889 0.29791666666666666
3 0.46805555555555556 0.359375 0.13055555555555556 0.12708333333333333
3 0.32569444444444445 0.25625 0.07916666666666666 0.08333333333333333
2 0.4 0.17604166666666668 0.06388888888888888 0.06041666666666667
3 0.21458333333333332 0.17708333333333334 0.05694444444444444 0.05
2 0.25416666666666665 0.09583333333333334 0.041666666666666664 0.041666666666666664
2 0.15 0.18333333333333332 0.05277777777777778 0.058333333333333334
3 0.08958333333333333 0.096875 0.04027777777777778 0.03958333333333333
2 0.1701388888888889 0.06770833333333333 0.034722222222222224 0.035416666666666666