3 0.1486111111111111 0.18125 0.022222222222222223 0.029166666666666667
3 0.1763888888888889 0.17604166666666668 0.025 0.03125
3 0.21458333333333332 0.19270833333333334 0.029166666666666667 0.03125
3 0.24513888888888888 0.25104166666666666 0.034722222222222224 0.03958333333333333
3 0.13819444444444445 0.26666666666666666 0.04583333333333333 0.04583333333333333
3 0.3715277777777778 0.29270833333333335 0.04861111111111111 0.04791666666666667
2 0.4215277777777778 0.33125 0.06527777777777778 0.06666666666666667
2 0.4354166666666667 0.2791666666666667 0.04861111111111111 0.04583333333333333
3 0.5645833333333333 0.3572916666666667 0.06805555555555555 0.052083333333333336
3 0.5 0.4 0.08333333333333333 0.075
2 0.5986111111111111 0.47604166666666664 0.1111111111111111 0.10625
2 0.9444444444444444 0.6 0.08611111111111111 0.09583333333333334
2 0.36180555555555555 0.12708333333333333 0.043055555555555555 0.029166666666666667