4 0.1875 0.32083333333333336 0.08888888888888889 0.0625
2 0.03263888888888889 0.26875 0.05694444444444444 0.058333333333333334
3 0.08958333333333333 0.421875 0.05416666666666667 0.06041666666666667
2 0.22291666666666668 0.6229166666666667 0.1125 0.13333333333333333
3 0.4361111111111111 0.69375 0.12777777777777777 0.14583333333333334
2 0.2701388888888889 0.4375 0.06527777777777778 0.0875
2 0.24027777777777778 0.18229166666666666 0.03611111111111111 0.027083333333333334
4 0.2048611111111111 0.153125 0.09027777777777778 0.04375
2 0.32013888888888886 0.1875 0.02638888888888889 0.029166666666666667
2 0.5201388888888889 0.2708333333333333 0.04861111111111111 0.05
3 0.45902777777777776 0.3104166666666667 0.05694444444444444 0.041666666666666664
2 0.6 0.253125 0.04722222222222222 0.04791666666666667
3 0.6861111111111111 0.296875 0.04722222222222222 0.04791666666666667
3 0.7583333333333333 0.20416666666666666 0.027777777777777776 0.029166666666666667
2 0.7763888888888889 0.17916666666666667 0.016666666666666666 0.025
2 0.7645833333333333 0.146875 0.02361111111111111 0.027083333333333334
3 0.79375 0.159375 0.018055555555555554 0.01875