2 0.8541666666666666 0.953125 0.16666666666666666 0.09375
2 0.26875 0.14166666666666666 0.020833333333333332 0.025
4 0.2951388888888889 0.13645833333333332 0.02361111111111111 0.027083333333333334
2 0.3576388888888889 0.18854166666666666 0.034722222222222224 0.035416666666666666
3 0.2111111111111111 0.18645833333333334 0.025 0.03125
3 0.22569444444444445 0.21666666666666667 0.02361111111111111 0.03333333333333333
3 0.25416666666666665 0.24791666666666667 0.03611111111111111 0.04583333333333333
2 0.18333333333333332 0.240625 0.03333333333333333 0.04375
2 0.21736111111111112 0.31354166666666666 0.043055555555555555 0.052083333333333336
2 0.2611111111111111 0.3958333333333333 0.06388888888888888 0.09166666666666666
2 0.3840277777777778 0.4114583333333333 0.08194444444444444 0.10208333333333333
3 0.6277777777777778 0.35104166666666664 0.08055555555555556 0.06041666666666667
3 0.1625 0.18229166666666666 0.025 0.022916666666666665
3 0.6597222222222222 0.16875 0.05277777777777778 0.10833333333333334