3 0.044444444444444446 0.44479166666666664 0.08611111111111111 0.09375
3 0.5958333333333333 0.17291666666666666 0.08888888888888889 0.06666666666666667
3 0.74375 0.109375 0.059722222222222225 0.052083333333333336
3 0.8513888888888889 0.07708333333333334 0.03888888888888889 0.05
3 0.8833333333333333 0.0625 0.03333333333333333 0.0375
4 0.9048611111111111 0.03958333333333333 0.04027777777777778 0.04583333333333333
2 0.8333333333333334 0.05 0.04722222222222222 0.03333333333333333
2 0.8 0.08958333333333333 0.05555555555555555 0.04583333333333333
2 0.6770833333333334 0.13125 0.06805555555555555 0.0625
2 0.3597222222222222 0.22604166666666667 0.11388888888888889 0.08958333333333333
2 0.4173611111111111 0.24375 0.12083333333333333 0.10416666666666667
2 0.24166666666666667 0.32395833333333335 0.18055555555555555 0.14375
2 0.2972222222222222 0.5041666666666667 0.21388888888888888 0.16666666666666666