3 0.6819444444444445 0.821875 0.2 0.12708333333333333
4 0.5944444444444444 0.48125 0.19166666666666668 0.13333333333333333
2 0.48680555555555555 0.31145833333333334 0.059722222222222225 0.06458333333333334
2 0.5375 0.27291666666666664 0.05555555555555555 0.058333333333333334
2 0.5145833333333333 0.2552083333333333 0.04861111111111111 0.04375
2 0.5923611111111111 0.246875 0.043055555555555555 0.052083333333333336
2 0.5909722222222222 0.2125 0.043055555555555555 0.0375
2 0.5013888888888889 0.16145833333333334 0.044444444444444446 0.035416666666666666
3 0.6694444444444444 0.16770833333333332 0.03333333333333333 0.027083333333333334
2 0.7201388888888889 0.14270833333333333 0.02638888888888889 0.027083333333333334
4 0.275 0.178125 0.05277777777777778 0.03958333333333333