3 0.7972222222222223 0.08541666666666667 0.022222222222222223 0.029166666666666667
3 0.8576388888888888 0.07083333333333333 0.020833333333333332 0.025
3 0.9 0.1125 0.022222222222222223 0.025
2 0.9222222222222223 0.08020833333333334 0.016666666666666666 0.022916666666666665
3 0.7472222222222222 0.11354166666666667 0.027777777777777776 0.027083333333333334
2 0.6777777777777778 0.14791666666666667 0.03888888888888889 0.041666666666666664
2 0.6104166666666667 0.184375 0.043055555555555555 0.04791666666666667
2 0.5673611111111111 0.20520833333333333 0.04861111111111111 0.04791666666666667
2 0.5180555555555556 0.23125 0.058333333333333334 0.0625
3 0.43819444444444444 0.2864583333333333 0.07361111111111111 0.06041666666666667
2 0.48819444444444443 0.3072916666666667 0.06805555555555555 0.06458333333333334
3 0.37916666666666665 0.37395833333333334 0.09444444444444444 0.08125
2 0.2513888888888889 0.3697916666666667 0.1 0.08958333333333333
2 0.21180555555555555 0.4791666666666667 0.12083333333333333 0.12083333333333333
2 0.10277777777777777 0.4708333333333333 0.1361111111111111 0.11666666666666667
2 0.06111111111111111 0.5947916666666667 0.11944444444444445 0.15625