2 0.16666666666666666 0.63125 0.15833333333333333 0.1625
2 0.325 0.5 0.11666666666666667 0.11666666666666667
4 0.4534722222222222 0.3854166666666667 0.11527777777777778 0.12083333333333333
2 0.1597222222222222 0.44895833333333335 0.11666666666666667 0.11041666666666666
2 0.21875 0.490625 0.12916666666666668 0.12291666666666666
3 0.28194444444444444 0.3885416666666667 0.09166666666666666 0.07708333333333334
3 0.3638888888888889 0.396875 0.09722222222222222 0.08125
3 0.41458333333333336 0.29791666666666666 0.07361111111111111 0.05416666666666667
2 0.48541666666666666 0.296875 0.08194444444444444 0.06875
3 0.5534722222222223 0.2625 0.059722222222222225 0.058333333333333334
3 0.5055555555555555 0.23541666666666666 0.06388888888888888 0.05416666666666667
2 0.5777777777777777 0.18958333333333333 0.058333333333333334 0.04583333333333333
3 0.6458333333333334 0.16354166666666667 0.04722222222222222 0.04791666666666667
2 0.7118055555555556 0.11458333333333333 0.04027777777777778 0.04583333333333333