3 0.7111111111111111 0.6875 0.20555555555555555 0.2125
3 0.44375 0.4510416666666667 0.12638888888888888 0.12708333333333333
4 0.65625 0.475 0.1597222222222222 0.15416666666666667
4 0.8638888888888889 0.484375 0.25555555555555554 0.28958333333333336
2 0.8236111111111111 0.17604166666666668 0.07777777777777778 0.05625
2 0.45416666666666666 0.328125 0.12777777777777777 0.14375
3 0.55625 0.31979166666666664 0.11805555555555555 0.12291666666666666
0 0.28055555555555556 0.2791666666666667 0.175 0.20833333333333334
3 0.35625 0.26145833333333335 0.05138888888888889 0.07291666666666667
2 0.3729166666666667 0.21458333333333332 0.0625 0.075
2 0.3215277777777778 0.18645833333333334 0.05138888888888889 0.06041666666666667
2 0.25972222222222224 0.16041666666666668 0.044444444444444446 0.041666666666666664
2 0.2152777777777778 0.165625 0.044444444444444446 0.04791666666666667
3 0.18194444444444444 0.22395833333333334 0.027777777777777776 0.052083333333333336
2 0.15416666666666667 0.184375 0.05277777777777778 0.06875
3 0.11319444444444444 0.15729166666666666 0.0375 0.04791666666666667
3 0.17083333333333334 0.14791666666666667 0.03333333333333333 0.04583333333333333
3 0.21319444444444444 0.12604166666666666 0.029166666666666667 0.035416666666666666
3 0.13819444444444445 0.13125 0.02361111111111111 0.03333333333333333
3 0.10208333333333333 0.11145833333333334 0.02638888888888889 0.027083333333333334
3 0.78125 0.12708333333333333 0.03194444444444444 0.020833333333333332
2 0.16805555555555557 0.07708333333333334 0.022222222222222223 0.029166666666666667
3 0.07361111111111111 0.090625 0.025 0.027083333333333334
3 0.10694444444444444 0.06666666666666667 0.019444444444444445 0.016666666666666666