0 0.05416666666666667 0.859375 0.10555555555555556 0.28125
2 0.12638888888888888 0.6895833333333333 0.21944444444444444 0.22916666666666666
3 0.8375 0.10104166666666667 0.030555555555555555 0.03125
2 0.7888888888888889 0.1375 0.041666666666666664 0.041666666666666664
0 0.8041666666666667 0.25 0.09444444444444444 0.1375
3 0.6152777777777778 0.26666666666666666 0.075 0.07916666666666666
3 0.5465277777777777 0.3333333333333333 0.10138888888888889 0.09583333333333334
3 0.36875 0.4739583333333333 0.14305555555555555 0.13541666666666666
3 0.6347222222222222 0.5291666666666667 0.12777777777777777 0.14166666666666666
3 0.8666666666666667 0.084375 0.022222222222222223 0.027083333333333334
3 0.8854166666666666 0.07083333333333333 0.018055555555555554 0.025