4 0.9048611111111111 0.6697916666666667 0.19027777777777777 0.21875
2 0.3472222222222222 0.13333333333333333 0.025 0.020833333333333332
2 0.2777777777777778 0.11666666666666667 0.022222222222222223 0.025
3 0.28958333333333336 0.1375 0.020833333333333332 0.020833333333333332
3 0.29791666666666666 0.16041666666666668 0.029166666666666667 0.025
3 0.30972222222222223 0.190625 0.025 0.03125
2 0.3284722222222222 0.2125 0.02638888888888889 0.0375
3 0.34444444444444444 0.23333333333333334 0.03333333333333333 0.03333333333333333
2 0.3541666666666667 0.2677083333333333 0.044444444444444446 0.052083333333333336
3 0.3888888888888889 0.3229166666666667 0.05277777777777778 0.0625
2 0.44375 0.42291666666666666 0.08194444444444444 0.1125
2 0.4861111111111111 0.27395833333333336 0.04722222222222222 0.05625