3 0.15902777777777777 0.22708333333333333 0.034722222222222224 0.03333333333333333
3 0.11597222222222223 0.23020833333333332 0.02361111111111111 0.027083333333333334
3 0.1326388888888889 0.26145833333333335 0.03194444444444444 0.035416666666666666
2 0.16805555555555557 0.2864583333333333 0.041666666666666664 0.05625
4 0.24097222222222223 0.29375 0.09027777777777778 0.1
3 0.2826388888888889 0.28020833333333334 0.034722222222222224 0.04375
0 0.24444444444444444 0.3885416666666667 0.11666666666666667 0.17291666666666666
3 0.29930555555555555 0.496875 0.04861111111111111 0.11041666666666666
4 0.5645833333333333 0.7135416666666666 0.5208333333333334 0.5729166666666666
4 0.525 0.5822916666666667 0.39444444444444443 0.5104166666666666
3 0.6979166666666666 0.6416666666666667 0.11805555555555555 0.14583333333333334
3 0.3388888888888889 0.253125 0.041666666666666664 0.035416666666666666
4 0.13680555555555557 0.184375 0.043055555555555555 0.06041666666666667
3 0.6854166666666667 0.20208333333333334 0.03194444444444444 0.029166666666666667
3 0.7381944444444445 0.19270833333333334 0.029166666666666667 0.03125
0 0.24861111111111112 0.109375 0.09444444444444444 0.052083333333333336