2 0.1625 0.21145833333333333 0.030555555555555555 0.035416666666666666
2 0.21805555555555556 0.22916666666666666 0.027777777777777776 0.029166666666666667
3 0.2125 0.20104166666666667 0.025 0.027083333333333334
3 0.25416666666666665 0.184375 0.022222222222222223 0.022916666666666665
2 0.30416666666666664 0.20833333333333334 0.030555555555555555 0.03333333333333333
2 0.22430555555555556 0.328125 0.05138888888888889 0.06458333333333334
2 0.26805555555555555 0.290625 0.044444444444444446 0.04791666666666667
3 0.325 0.34479166666666666 0.058333333333333334 0.06458333333333334
2 0.4548611111111111 0.46979166666666666 0.09861111111111111 0.11041666666666666
2 0.6472222222222223 0.8947916666666667 0.2361111111111111 0.21041666666666667
3 0.6243055555555556 0.2760416666666667 0.05138888888888889 0.035416666666666666
2 0.22083333333333333 0.16041666666666668 0.022222222222222223 0.025
3 0.7298611111111111 0.18125 0.043055555555555555 0.029166666666666667
2 0.6375 0.17083333333333334 0.041666666666666664 0.03333333333333333