2 0.05555555555555555 0.17291666666666666 0.025 0.029166666666666667
2 0.017361111111111112 0.171875 0.020833333333333332 0.022916666666666665
2 0.14652777777777778 0.13020833333333334 0.015277777777777777 0.022916666666666665
3 0.4097222222222222 0.17708333333333334 0.025 0.03333333333333333
3 0.425 0.20520833333333333 0.030555555555555555 0.035416666666666666
3 0.4305555555555556 0.13958333333333334 0.025 0.029166666666666667
2 0.12013888888888889 0.22395833333333334 0.0375 0.035416666666666666
3 0.2548611111111111 0.24479166666666666 0.04861111111111111 0.035416666666666666
3 0.26180555555555557 0.2864583333333333 0.05694444444444444 0.04791666666666667
2 0.29791666666666666 0.44166666666666665 0.14027777777777778 0.09583333333333334
2 0.4479166666666667 0.378125 0.09305555555555556 0.07708333333333334
3 0.7486111111111111 0.46145833333333336 0.13055555555555556 0.08541666666666667
2 0.22152777777777777 0.12083333333333333 0.015277777777777777 0.020833333333333332
3 0.1909722222222222 0.12291666666666666 0.015277777777777777 0.016666666666666666
3 0.20555555555555555 0.12083333333333333 0.011111111111111112 0.016666666666666666