3 0.4652777777777778 0.26875 0.075 0.04583333333333333
4 0.18888888888888888 0.3145833333333333 0.08888888888888889 0.12083333333333333
2 0.24513888888888888 0.42083333333333334 0.06805555555555555 0.08333333333333333
2 0.3125 0.503125 0.08333333333333333 0.11041666666666666
2 0.36319444444444443 0.5979166666666667 0.10416666666666667 0.13333333333333333
1 0.3993055555555556 0.4895833333333333 0.0375 0.07916666666666666
3 0.4847222222222222 0.5885416666666666 0.10277777777777777 0.11875
3 0.5006944444444444 0.7822916666666667 0.1375 0.17708333333333334
3 0.6020833333333333 0.7270833333333333 0.14583333333333334 0.17083333333333334
3 0.5763888888888888 0.546875 0.1111111111111111 0.11041666666666666
2 0.6909722222222222 0.6572916666666667 0.15694444444444444 0.16875
4 0.8208333333333333 0.8822916666666667 0.2638888888888889 0.23541666666666666
4 0.9097222222222222 0.875 0.18055555555555555 0.25
2 0.6263888888888889 0.934375 0.16944444444444445 0.13125
2 0.1361111111111111 0.2604166666666667 0.03333333333333333 0.05
2 0.25555555555555554 0.328125 0.04722222222222222 0.052083333333333336
4 0.3229166666666667 0.3875 0.12361111111111112 0.14166666666666666
4 0.3194444444444444 0.3072916666666667 0.06111111111111111 0.06041666666666667
3 0.3541666666666667 0.3614583333333333 0.05555555555555555 0.05625
2 0.41180555555555554 0.40625 0.06805555555555555 0.07083333333333333
3 0.48333333333333334 0.475 0.08333333333333333 0.0875
2 0.6826388888888889 0.2125 0.034722222222222224 0.03333333333333333
2 0.7090277777777778 0.21354166666666666 0.0375 0.035416666666666666
3 0.7402777777777778 0.2125 0.027777777777777776 0.029166666666666667
3 0.19166666666666668 0.19270833333333334 0.025 0.022916666666666665
4 0.12083333333333333 0.17291666666666666 0.04722222222222222 0.04583333333333333
4 0.17847222222222223 0.15208333333333332 0.04027777777777778 0.041666666666666664