3 0.3527777777777778 0.13645833333333332 0.025 0.027083333333333334
3 0.4305555555555556 0.23125 0.041666666666666664 0.05
2 0.5361111111111111 0.3614583333333333 0.058333333333333334 0.07291666666666667
2 0.28125 0.125 0.020833333333333332 0.016666666666666666
3 0.2923611111111111 0.14791666666666667 0.020833333333333332 0.016666666666666666
3 0.30625 0.16979166666666667 0.02361111111111111 0.027083333333333334
3 0.3194444444444444 0.19270833333333334 0.027777777777777776 0.027083333333333334
3 0.3333333333333333 0.215625 0.025 0.022916666666666665
3 0.3423611111111111 0.23645833333333333 0.03194444444444444 0.027083333333333334
2 0.35625 0.26666666666666666 0.04027777777777778 0.05416666666666667
3 0.38055555555555554 0.3020833333333333 0.041666666666666664 0.04583333333333333
2 0.39444444444444443 0.359375 0.06388888888888888 0.07291666666666667
0 0.3125 0.334375 0.08611111111111111 0.18125