2 0.059722222222222225 0.18645833333333334 0.044444444444444446 0.035416666666666666
2 0.2659722222222222 0.4 0.11527777777777778 0.11666666666666667
2 0.34930555555555554 0.19270833333333334 0.059722222222222225 0.03958333333333333
2 0.5090277777777777 0.22708333333333333 0.04583333333333333 0.05416666666666667
2 0.5513888888888889 0.20416666666666666 0.04722222222222222 0.0375
2 0.5569444444444445 0.246875 0.05 0.05625
2 0.7194444444444444 0.09479166666666666 0.016666666666666666 0.022916666666666665
2 0.6305555555555555 0.153125 0.030555555555555555 0.035416666666666666
3 0.5944444444444444 0.225 0.03611111111111111 0.041666666666666664
3 0.7402777777777778 0.08854166666666667 0.016666666666666666 0.01875
4 0.7284722222222222 0.14791666666666667 0.05416666666666667 0.0875