2 0.4263888888888889 0.3958333333333333 0.06388888888888888 0.0875
2 0.4305555555555556 0.6458333333333334 0.16666666666666666 0.14166666666666666
2 0.6333333333333333 0.4114583333333333 0.06666666666666667 0.08958333333333333
2 0.6236111111111111 0.31875 0.04722222222222222 0.0625
2 0.48680555555555555 0.29270833333333335 0.05138888888888889 0.06041666666666667
2 0.5451388888888888 0.24270833333333333 0.04583333333333333 0.04791666666666667
2 0.41875 0.175 0.02638888888888889 0.029166666666666667
2 0.31527777777777777 0.14791666666666667 0.022222222222222223 0.025
3 0.9027777777777778 0.48854166666666665 0.11388888888888889 0.10625
3 0.9319444444444445 0.2864583333333333 0.05555555555555555 0.06458333333333334
2 0.9715277777777778 0.303125 0.05694444444444444 0.07291666666666667