2 0.3659722222222222 0.15208333333333332 0.015277777777777777 0.020833333333333332
4 0.3875 0.15416666666666667 0.025 0.0375
3 0.4083333333333333 0.17395833333333333 0.025 0.022916666666666665
3 0.4326388888888889 0.18854166666666666 0.018055555555555554 0.022916666666666665
3 0.4708333333333333 0.20520833333333333 0.027777777777777776 0.03125
3 0.5020833333333333 0.22395833333333334 0.034722222222222224 0.027083333333333334
3 0.5291666666666667 0.23958333333333334 0.03333333333333333 0.029166666666666667
2 0.5625 0.2520833333333333 0.041666666666666664 0.0375
2 0.5979166666666667 0.221875 0.04861111111111111 0.04375
3 0.6118055555555556 0.2791666666666667 0.05416666666666667 0.0375
3 0.6576388888888889 0.3104166666666667 0.07083333333333333 0.058333333333333334
3 0.7270833333333333 0.35208333333333336 0.07916666666666666 0.058333333333333334
3 0.8145833333333333 0.39895833333333336 0.10138888888888889 0.07708333333333334
3 0.35555555555555557 0.6833333333333333 0.21666666666666667 0.14583333333333334
3 0.08263888888888889 0.9125 0.1625 0.16666666666666666
3 0.9194444444444444 0.29583333333333334 0.058333333333333334 0.05
3 0.9694444444444444 0.26979166666666665 0.041666666666666664 0.04791666666666667
3 0.9770833333333333 0.30520833333333336 0.03194444444444444 0.052083333333333336
3 0.34930555555555554 0.14583333333333334 0.0125 0.016666666666666666
4 0.3451388888888889 0.13645833333333332 0.015277777777777777 0.01875