3 0.47152777777777777 0.18020833333333333 0.07083333333333333 0.052083333333333336
4 0.7409722222222223 0.409375 0.5180555555555556 0.5270833333333333
2 0.15069444444444444 0.14895833333333333 0.0375 0.04791666666666667
2 0.2708333333333333 0.13333333333333333 0.044444444444444446 0.041666666666666664
2 0.23819444444444443 0.09375 0.020833333333333332 0.03333333333333333
2 0.10486111111111111 0.115625 0.03194444444444444 0.03958333333333333
4 0.21388888888888888 0.10208333333333333 0.041666666666666664 0.04583333333333333
3 0.03680555555555556 0.11666666666666667 0.02361111111111111 0.025
3 0.0625 0.09375 0.019444444444444445 0.020833333333333332
3 0.12430555555555556 0.07395833333333333 0.018055555555555554 0.022916666666666665
3 0.15902777777777777 0.071875 0.018055555555555554 0.01875