3 0.4486111111111111 0.24791666666666667 0.05277777777777778 0.025
2 0.2833333333333333 0.22604166666666667 0.05 0.04791666666666667
4 0.2520833333333333 0.2916666666666667 0.11527777777777778 0.1375
3 0.3159722222222222 0.296875 0.043055555555555555 0.06041666666666667
3 0.35555555555555557 0.28541666666666665 0.04722222222222222 0.05
3 0.36180555555555555 0.34270833333333334 0.05694444444444444 0.06875
3 0.3472222222222222 0.40520833333333334 0.07777777777777778 0.09375
3 0.4666666666666667 0.36354166666666665 0.07222222222222222 0.06041666666666667
3 0.425 0.3958333333333333 0.06666666666666667 0.07083333333333333
3 0.48819444444444443 0.44479166666666664 0.07361111111111111 0.08541666666666667
2 0.5993055555555555 0.525 0.12083333333333333 0.14583333333333334
3 0.7513888888888889 0.6895833333333333 0.16111111111111112 0.1625
3 0.9291666666666667 0.8697916666666666 0.14166666666666666 0.19375
3 0.44513888888888886 0.6979166666666666 0.12361111111111112 0.15416666666666667
2 0.33541666666666664 0.5479166666666667 0.10138888888888889 0.12916666666666668
4 0.26805555555555555 0.4166666666666667 0.08333333333333333 0.11666666666666667
2 0.2152777777777778 0.3729166666666667 0.044444444444444446 0.06666666666666667
2 0.18333333333333332 0.3177083333333333 0.041666666666666664 0.06875
3 0.16041666666666668 0.27708333333333335 0.03194444444444444 0.04583333333333333
3 0.13541666666666666 0.24583333333333332 0.03194444444444444 0.041666666666666664
3 0.11180555555555556 0.20625 0.02361111111111111 0.025
3 0.21736111111111112 0.1875 0.02638888888888889 0.029166666666666667
3 0.6131944444444445 0.9114583333333334 0.1763888888888889 0.17708333333333334
2 0.7923611111111111 0.8854166666666666 0.19305555555555556 0.22916666666666666
4 0.5041666666666667 0.5833333333333334 0.14166666666666666 0.15416666666666667
3 0.42569444444444443 0.48125 0.07916666666666666 0.10833333333333334