2 0.39861111111111114 0.2125 0.03333333333333333 0.03333333333333333
3 0.41458333333333336 0.23229166666666667 0.029166666666666667 0.022916666666666665
3 0.4263888888888889 0.24791666666666667 0.03611111111111111 0.041666666666666664
2 0.47291666666666665 0.25625 0.04583333333333333 0.03333333333333333
3 0.475 0.28125 0.022222222222222223 0.029166666666666667
3 0.5027777777777778 0.30104166666666665 0.05277777777777778 0.06041666666666667
3 0.5534722222222223 0.28125 0.05138888888888889 0.0625
3 0.8756944444444444 0.37083333333333335 0.07916666666666666 0.075
3 0.9673611111111111 0.315625 0.05416666666666667 0.052083333333333336
3 0.9118055555555555 0.475 0.1125 0.10416666666666667
3 0.66875 0.7177083333333333 0.16805555555555557 0.16875