3 0.09097222222222222 0.546875 0.11527777777777778 0.12708333333333333
3 0.16319444444444445 0.3416666666666667 0.04583333333333333 0.05416666666666667
4 0.07222222222222222 0.22083333333333333 0.08611111111111111 0.0875
3 0.44305555555555554 0.2625 0.06111111111111111 0.05416666666666667
3 0.5215277777777778 0.25833333333333336 0.05138888888888889 0.05
3 0.5777777777777777 0.22291666666666668 0.044444444444444446 0.04583333333333333
3 0.6229166666666667 0.2 0.043055555555555555 0.041666666666666664
3 0.6541666666666667 0.18541666666666667 0.027777777777777776 0.03333333333333333
3 0.6833333333333333 0.16354166666666667 0.027777777777777776 0.03958333333333333
0 0.8402777777777778 0.19583333333333333 0.03333333333333333 0.041666666666666664
2 0.8826388888888889 0.14166666666666666 0.018055555555555554 0.029166666666666667
3 0.85 0.1375 0.019444444444444445 0.020833333333333332
2 0.79375 0.10104166666666667 0.018055555555555554 0.022916666666666665
4 0.5569444444444445 0.18229166666666666 0.11666666666666667 0.12291666666666666