4 0.3402777777777778 0.20416666666666666 0.1 0.07083333333333333
3 0.8673611111111111 0.17395833333333333 0.06805555555555555 0.04375
2 0.28958333333333336 0.40625 0.0625 0.07916666666666666
3 0.2965277777777778 0.5010416666666667 0.07361111111111111 0.09791666666666667
4 0.175 0.7760416666666666 0.2861111111111111 0.4479166666666667
2 0.46319444444444446 0.4427083333333333 0.09861111111111111 0.11041666666666666
2 0.5729166666666666 0.5375 0.12083333333333333 0.15416666666666667
3 0.5902777777777778 0.421875 0.09722222222222222 0.09375
2 0.7305555555555555 0.5072916666666667 0.13333333333333333 0.13541666666666666
3 0.9083333333333333 0.6729166666666667 0.175 0.18333333333333332
3 0.7388888888888889 0.7145833333333333 0.17222222222222222 0.19583333333333333