2 0.4027777777777778 0.17083333333333334 0.019444444444444445 0.025
2 0.41875 0.18125 0.018055555555555554 0.025
2 0.4354166666666667 0.18854166666666666 0.020833333333333332 0.022916666666666665
3 0.4652777777777778 0.2 0.022222222222222223 0.025
2 0.4951388888888889 0.21875 0.0375 0.0375
2 0.5895833333333333 0.22395833333333334 0.059722222222222225 0.03958333333333333
2 0.9 0.29583333333333334 0.06666666666666667 0.07083333333333333
0 0.9590277777777778 0.2833333333333333 0.06805555555555555 0.125
2 0.08125 0.6947916666666667 0.15416666666666667 0.17291666666666666
2 0.2972222222222222 0.7927083333333333 0.2388888888888889 0.19791666666666666
2 0.4798611111111111 0.5947916666666667 0.1986111111111111 0.14375
2 0.3020833333333333 0.13854166666666667 0.018055555555555554 0.022916666666666665
3 0.44375 0.33125 0.059722222222222225 0.07083333333333333