4 0.33611111111111114 0.23125 0.09166666666666666 0.0875
4 0.4173611111111111 0.27708333333333335 0.10416666666666667 0.11666666666666667
3 0.6354166666666666 0.20729166666666668 0.04861111111111111 0.04375
4 0.7041666666666667 0.27395833333333336 0.08055555555555556 0.11041666666666666
4 0.7548611111111111 0.2375 0.07361111111111111 0.0875
4 0.9069444444444444 0.215625 0.06666666666666667 0.06041666666666667
2 0.7868055555555555 0.6229166666666667 0.22083333333333333 0.12916666666666668
3 0.68125 0.103125 0.02361111111111111 0.027083333333333334
2 0.7520833333333333 0.13541666666666666 0.029166666666666667 0.029166666666666667
2 0.8270833333333333 0.1125 0.020833333333333332 0.025
3 0.7388888888888889 0.09791666666666667 0.019444444444444445 0.016666666666666666
3 0.7534722222222222 0.08229166666666667 0.0125 0.014583333333333334