3 0.16180555555555556 0.16979166666666667 0.02361111111111111 0.01875
3 0.15138888888888888 0.190625 0.025 0.022916666666666665
3 0.20972222222222223 0.21145833333333333 0.030555555555555555 0.03125
3 0.25069444444444444 0.3572916666666667 0.05138888888888889 0.05625
3 0.28958333333333336 0.2375 0.0375 0.03333333333333333
3 0.30972222222222223 0.209375 0.027777777777777776 0.027083333333333334
3 0.2638888888888889 0.184375 0.025 0.027083333333333334
3 0.4152777777777778 0.34375 0.058333333333333334 0.058333333333333334
3 0.6097222222222223 0.3958333333333333 0.08888888888888889 0.075
2 0.18125 0.23854166666666668 0.034722222222222224 0.03958333333333333
2 0.2361111111111111 0.16354166666666667 0.022222222222222223 0.027083333333333334
2 0.36319444444444443 0.53125 0.09861111111111111 0.125
2 0.5604166666666667 0.44479166666666664 0.10416666666666667 0.11041666666666666