2 0.3416666666666667 0.8885416666666667 0.2361111111111111 0.22291666666666668
4 0.5576388888888889 0.4239583333333333 0.14027777777777778 0.11041666666666666
2 0.12361111111111112 0.225 0.03888888888888889 0.0375
4 0.049305555555555554 0.18854166666666666 0.03194444444444444 0.03125
2 0.08541666666666667 0.18229166666666666 0.02361111111111111 0.03125
4 0.2111111111111111 0.171875 0.08611111111111111 0.052083333333333336
2 0.3 0.17395833333333333 0.044444444444444446 0.027083333333333334
2 0.2604166666666667 0.13125 0.018055555555555554 0.025
2 0.22083333333333333 0.134375 0.016666666666666666 0.022916666666666665
2 0.15555555555555556 0.12708333333333333 0.016666666666666666 0.016666666666666666
3 0.175 0.12604166666666666 0.011111111111111112 0.01875
2 0.3993055555555556 0.1375 0.02361111111111111 0.025
4 0.41458333333333336 0.184375 0.0375 0.07708333333333334
3 0.4986111111111111 0.20104166666666667 0.03888888888888889 0.035416666666666666
2 0.6 0.2635416666666667 0.05555555555555555 0.052083333333333336
3 0.42083333333333334 0.12291666666666666 0.013888888888888888 0.016666666666666666
3 0.4097222222222222 0.109375 0.011111111111111112 0.014583333333333334
3 0.39791666666666664 0.08645833333333333 0.009722222222222222 0.014583333333333334