2 0.8243055555555555 0.07604166666666666 0.02361111111111111 0.027083333333333334
3 0.7958333333333333 0.07708333333333334 0.019444444444444445 0.0125
3 0.80625 0.09583333333333334 0.020833333333333332 0.0125
2 0.7729166666666667 0.08958333333333333 0.02638888888888889 0.025
3 0.7784722222222222 0.11354166666666667 0.03194444444444444 0.027083333333333334
3 0.7368055555555556 0.14270833333333333 0.034722222222222224 0.03125
3 0.7270833333333333 0.11458333333333333 0.029166666666666667 0.029166666666666667
2 0.8951388888888889 0.022916666666666665 0.02361111111111111 0.025
3 0.8694444444444445 0.052083333333333336 0.022222222222222223 0.016666666666666666
3 0.8541666666666666 0.0625 0.016666666666666666 0.016666666666666666
3 0.8423611111111111 0.071875 0.0125 0.014583333333333334
3 0.6881944444444444 0.134375 0.0375 0.03125
3 0.6805555555555556 0.171875 0.03888888888888889 0.03958333333333333
3 0.6263888888888889 0.171875 0.044444444444444446 0.035416666666666666
3 0.61875 0.215625 0.05694444444444444 0.04791666666666667
2 0.5583333333333333 0.20729166666666668 0.06388888888888888 0.052083333333333336
4 0.5395833333333333 0.26666666666666666 0.08194444444444444 0.07083333333333333
3 0.5652777777777778 0.31145833333333334 0.06944444444444445 0.06041666666666667
3 0.4888888888888889 0.2552083333333333 0.058333333333333334 0.04791666666666667
2 0.41041666666666665 0.2989583333333333 0.0875 0.08125
3 0.4618055555555556 0.321875 0.0763888888888889 0.06458333333333334
2 0.4965277777777778 0.35833333333333334 0.0875 0.0875
4 0.3784722222222222 0.4552083333333333 0.13472222222222222 0.12291666666666666
3 0.3638888888888889 0.3875 0.09444444444444444 0.07916666666666666
3 0.3145833333333333 0.36666666666666664 0.09305555555555556 0.07916666666666666
4 0.1673611111111111 0.4510416666666667 0.15138888888888888 0.11458333333333333
3 0.2465277777777778 0.4739583333333333 0.11527777777777778 0.08541666666666667
4 0.20555555555555555 0.5739583333333333 0.17777777777777778 0.17708333333333334
2 0.07013888888888889 0.5895833333333333 0.12916666666666668 0.15
2 0.050694444444444445 0.721875 0.09583333333333334 0.12291666666666666
2 0.04027777777777778 0.5333333333333333 0.075 0.1125