3 0.12083333333333333 0.15416666666666667 0.019444444444444445 0.016666666666666666
3 0.1486111111111111 0.15208333333333332 0.022222222222222223 0.029166666666666667
2 0.1798611111111111 0.14791666666666667 0.018055555555555554 0.016666666666666666
3 0.20416666666666666 0.14166666666666666 0.027777777777777776 0.016666666666666666
3 0.13680555555555557 0.175 0.020833333333333332 0.025
3 0.17152777777777778 0.178125 0.02361111111111111 0.022916666666666665
3 0.1951388888888889 0.20104166666666667 0.029166666666666667 0.03125
3 0.20208333333333334 0.2791666666666667 0.034722222222222224 0.041666666666666664
3 0.41180555555555554 0.4322916666666667 0.0875 0.09375
3 0.4708333333333333 0.315625 0.06111111111111111 0.052083333333333336
3 0.6055555555555555 0.265625 0.05555555555555555 0.03958333333333333
3 0.29444444444444445 0.303125 0.04722222222222222 0.052083333333333336
2 0.2548611111111111 0.35104166666666664 0.05694444444444444 0.06458333333333334
4 0.42430555555555555 0.6416666666666667 0.15138888888888888 0.1875