4 0.26180555555555557 0.2604166666666667 0.0763888888888889 0.15416666666666667
4 0.5527777777777778 0.5489583333333333 0.19444444444444445 0.24791666666666667
2 0.7902777777777777 0.571875 0.07222222222222222 0.10208333333333333
2 0.5666666666666667 0.3375 0.04722222222222222 0.05416666666666667
2 0.4638888888888889 0.3770833333333333 0.06111111111111111 0.06666666666666667
3 0.42083333333333334 0.33229166666666665 0.04722222222222222 0.05625
3 0.38055555555555554 0.2864583333333333 0.044444444444444446 0.052083333333333336
2 0.31666666666666665 0.39895833333333336 0.06666666666666667 0.08958333333333333
2 0.36944444444444446 0.18125 0.019444444444444445 0.029166666666666667
2 0.3888888888888889 0.171875 0.016666666666666666 0.022916666666666665
2 0.43819444444444444 0.203125 0.029166666666666667 0.03125
2 0.4666666666666667 0.25833333333333336 0.041666666666666664 0.0375
3 0.5090277777777777 0.25 0.0375 0.03333333333333333
2 0.5493055555555556 0.2791666666666667 0.04861111111111111 0.04583333333333333
3 0.9701388888888889 0.4395833333333333 0.04583333333333333 0.058333333333333334