2 0.10208333333333333 0.215625 0.0375 0.035416666666666666
2 0.5173611111111112 0.21041666666666667 0.05138888888888889 0.05
3 0.6652777777777777 0.30104166666666665 0.06111111111111111 0.052083333333333336
2 0.7166666666666667 0.44166666666666665 0.1111111111111111 0.0875
2 0.4597222222222222 0.17291666666666666 0.027777777777777776 0.03333333333333333
3 0.43125 0.13125 0.018055555555555554 0.025
2 0.42916666666666664 0.21041666666666667 0.027777777777777776 0.041666666666666664
2 0.41805555555555557 0.18645833333333334 0.019444444444444445 0.027083333333333334
3 0.4131944444444444 0.1625 0.018055555555555554 0.029166666666666667
3 0.38055555555555554 0.10625 0.016666666666666666 0.020833333333333332
4 0.1701388888888889 0.153125 0.05694444444444444 0.035416666666666666
2 0.11458333333333333 0.12708333333333333 0.034722222222222224 0.025
3 0.05138888888888889 0.13229166666666667 0.03333333333333333 0.022916666666666665