2 0.21319444444444444 0.17916666666666667 0.02638888888888889 0.029166666666666667
3 0.2076388888888889 0.21354166666666666 0.02361111111111111 0.03125
2 0.2361111111111111 0.23020833333333332 0.03888888888888889 0.03958333333333333
3 0.25972222222222224 0.25833333333333336 0.030555555555555555 0.041666666666666664
3 0.2847222222222222 0.28229166666666666 0.044444444444444446 0.04375
3 0.32708333333333334 0.315625 0.059722222222222225 0.06041666666666667
4 0.3854166666666667 0.35520833333333335 0.06527777777777778 0.07291666666666667
3 0.275 0.3333333333333333 0.041666666666666664 0.05416666666666667
3 0.31319444444444444 0.375 0.059722222222222225 0.0625
3 0.3715277777777778 0.45 0.06527777777777778 0.07916666666666666
3 0.3458333333333333 0.234375 0.03888888888888889 0.035416666666666666
2 0.7034722222222223 0.18020833333333333 0.059722222222222225 0.03958333333333333
2 0.23819444444444443 0.3875 0.0625 0.06666666666666667
3 0.2763888888888889 0.45729166666666665 0.06388888888888888 0.07708333333333334
3 0.3375 0.55625 0.08888888888888889 0.1125
3 0.4479166666666667 0.6979166666666666 0.11805555555555555 0.1625
0 0.5868055555555556 0.3927083333333333 0.18472222222222223 0.16875
4 0.6645833333333333 0.6864583333333333 0.5291666666666667 0.6270833333333333
2 0.9291666666666667 0.825 0.14166666666666666 0.19583333333333333
3 0.6041666666666666 0.9229166666666667 0.17222222222222222 0.15416666666666667