3 0.06458333333333334 0.27291666666666664 0.0625 0.0625
4 0.15763888888888888 0.40625 0.3013888888888889 0.32916666666666666
2 0.4791666666666667 0.25104166666666666 0.06666666666666667 0.05625
3 0.3909722222222222 0.31145833333333334 0.08472222222222223 0.06875
3 0.40208333333333335 0.3885416666666667 0.08194444444444444 0.09375
3 0.5638888888888889 0.346875 0.07777777777777778 0.07291666666666667
3 0.5513888888888889 0.21041666666666667 0.04722222222222222 0.041666666666666664
3 0.5895833333333333 0.18541666666666667 0.0375 0.029166666666666667
3 0.6201388888888889 0.159375 0.04027777777777778 0.035416666666666666
3 0.7111111111111111 0.18541666666666667 0.03611111111111111 0.0375
3 0.6569444444444444 0.1375 0.030555555555555555 0.03333333333333333
2 0.7506944444444444 0.13541666666666666 0.02638888888888889 0.025