3 0.75625 0.09895833333333333 0.02638888888888889 0.03125
4 0.7076388888888889 0.10833333333333334 0.0875 0.09166666666666666
4 0.6388888888888888 0.146875 0.06666666666666667 0.08125
3 0.9159722222222222 0.09791666666666667 0.02361111111111111 0.025
3 0.9381944444444444 0.07291666666666667 0.015277777777777777 0.020833333333333332
3 0.7194444444444444 0.1875 0.044444444444444446 0.0375
4 0.6319444444444444 0.25833333333333336 0.06666666666666667 0.07083333333333333
2 0.6409722222222223 0.4625 0.09305555555555556 0.10416666666666667
2 0.07569444444444444 0.70625 0.1486111111111111 0.20416666666666666
4 0.22569444444444445 0.38229166666666664 0.39861111111111114 0.35625
4 0.38055555555555554 0.3302083333333333 0.3138888888888889 0.27291666666666664
4 0.3875 0.41041666666666665 0.375 0.38333333333333336
4 0.5173611111111112 0.18125 0.18194444444444444 0.11666666666666667