4 0.2111111111111111 0.41458333333333336 0.1361111111111111 0.1
3 0.06041666666666667 0.5135416666666667 0.08194444444444444 0.10208333333333333
3 0.04652777777777778 0.34270833333333334 0.05138888888888889 0.05625
3 0.017361111111111112 0.17291666666666666 0.020833333333333332 0.025
4 0.13402777777777777 0.23020833333333332 0.0375 0.04375
4 0.06597222222222222 0.18229166666666666 0.02638888888888889 0.027083333333333334
2 0.5319444444444444 0.225 0.041666666666666664 0.041666666666666664
3 0.42916666666666664 0.13333333333333333 0.016666666666666666 0.020833333333333332
3 0.39444444444444443 0.13125 0.019444444444444445 0.029166666666666667
2 0.4270833333333333 0.20833333333333334 0.02638888888888889 0.04583333333333333
3 0.41944444444444445 0.17708333333333334 0.025 0.025