2 0.14444444444444443 0.18229166666666666 0.05277777777777778 0.05625
3 0.3854166666666667 0.2375 0.0763888888888889 0.07083333333333333
4 0.46041666666666664 0.171875 0.25972222222222224 0.18125
4 0.5361111111111111 0.378125 0.15833333333333333 0.18541666666666667
2 0.6722222222222223 0.27291666666666664 0.09166666666666666 0.08333333333333333
2 0.7465277777777778 0.5447916666666667 0.1763888888888889 0.18125
2 0.9006944444444445 0.42291666666666666 0.1375 0.1125
2 0.9548611111111112 0.39166666666666666 0.09027777777777778 0.09583333333333334
3 0.9041666666666667 0.8822916666666667 0.19166666666666668 0.23541666666666666
3 0.8597222222222223 0.11770833333333333 0.030555555555555555 0.022916666666666665
2 0.9590277777777778 0.07604166666666666 0.02361111111111111 0.022916666666666665
4 0.8652777777777778 0.509375 0.25555555555555554 0.27708333333333335