4 0.2125 0.17604166666666668 0.03333333333333333 0.04791666666666667
4 0.24930555555555556 0.19791666666666666 0.02361111111111111 0.029166666666666667
4 0.16458333333333333 0.21458333333333332 0.018055555555555554 0.025
3 0.14652777777777778 0.12708333333333333 0.02361111111111111 0.020833333333333332
2 0.18611111111111112 0.13645833333333332 0.013888888888888888 0.014583333333333334
2 0.18263888888888888 0.21666666666666667 0.015277777777777777 0.03333333333333333
2 0.1986111111111111 0.23125 0.022222222222222223 0.0375
2 0.21736111111111112 0.246875 0.020833333333333332 0.027083333333333334
2 0.24513888888888888 0.25729166666666664 0.0375 0.04375
3 0.26944444444444443 0.28125 0.03888888888888889 0.04583333333333333
3 0.26944444444444443 0.24479166666666666 0.027777777777777776 0.03125
2 0.3055555555555556 0.25625 0.041666666666666664 0.05
3 0.3541666666666667 0.28020833333333334 0.05 0.052083333333333336
3 0.4215277777777778 0.31354166666666666 0.06527777777777778 0.06041666666666667
3 0.47430555555555554 0.34791666666666665 0.07083333333333333 0.07083333333333333
3 0.3090277777777778 0.309375 0.05416666666666667 0.05625
3 0.35694444444444445 0.33541666666666664 0.06388888888888888 0.0625
3 0.41041666666666665 0.38333333333333336 0.07083333333333333 0.07083333333333333
3 0.4777777777777778 0.46041666666666664 0.09722222222222222 0.09583333333333334
3 0.7361111111111112 0.7270833333333333 0.18055555555555555 0.20833333333333334
2 0.5736111111111111 0.41041666666666665 0.1 0.09583333333333334
2 0.7041666666666667 0.5052083333333334 0.13055555555555556 0.14375
2 0.5743055555555555 0.5375 0.12083333333333333 0.14166666666666666
2 0.8743055555555556 0.64375 0.20416666666666666 0.21666666666666667