3 0.06875 0.134375 0.029166666666666667 0.03125
2 0.1 0.15208333333333332 0.030555555555555555 0.041666666666666664
2 0.12638888888888888 0.17395833333333333 0.04722222222222222 0.06041666666666667
3 0.16805555555555557 0.21979166666666666 0.04722222222222222 0.05625
4 0.3506944444444444 0.32395833333333335 0.31527777777777777 0.36875
2 0.5041666666666667 0.3697916666666667 0.09444444444444444 0.11875
2 0.49375 0.3 0.10138888888888889 0.0875
4 0.6361111111111111 0.3697916666666667 0.15555555555555556 0.12291666666666666
2 0.6666666666666666 0.48333333333333334 0.14444444444444443 0.15
3 0.83125 0.5010416666666667 0.15138888888888888 0.13125
2 0.8986111111111111 0.6729166666666667 0.18888888888888888 0.24583333333333332
3 0.7993055555555556 0.775 0.24305555555555555 0.26666666666666666
4 0.6 0.20208333333333334 0.30833333333333335 0.2125
3 0.11736111111111111 0.071875 0.018055555555555554 0.027083333333333334
3 0.8965277777777778 0.13020833333333334 0.03194444444444444 0.022916666666666665