0 0.5701388888888889 0.39791666666666664 0.17083333333333334 0.22083333333333333
2 0.6868055555555556 0.5895833333333333 0.11527777777777778 0.1875
2 0.8326388888888889 0.5895833333333333 0.1375 0.1375
0 0.8666666666666667 0.7833333333333333 0.26666666666666666 0.4166666666666667
3 0.47152777777777777 0.3302083333333333 0.043055555555555555 0.07708333333333334
2 0.4375 0.290625 0.04722222222222222 0.07291666666666667
3 0.40625 0.2708333333333333 0.034722222222222224 0.05416666666666667
2 0.3715277777777778 0.24791666666666667 0.03194444444444444 0.04583333333333333
3 0.375 0.20104166666666667 0.030555555555555555 0.035416666666666666
3 0.36319444444444443 0.165625 0.02638888888888889 0.035416666666666666
2 0.3194444444444444 0.18958333333333333 0.03611111111111111 0.029166666666666667
2 0.28125 0.178125 0.034722222222222224 0.035416666666666666
3 0.31527777777777777 0.13958333333333334 0.025 0.020833333333333332
3 0.45694444444444443 0.12083333333333333 0.027777777777777776 0.020833333333333332
3 0.47638888888888886 0.11875 0.025 0.020833333333333332
2 0.9298611111111111 0.22604166666666667 0.0375 0.03125
3 0.9076388888888889 0.178125 0.029166666666666667 0.027083333333333334
2 0.9541666666666667 0.1875 0.03333333333333333 0.03333333333333333
2 0.78125 0.15729166666666666 0.03194444444444444 0.03125
2 0.8263888888888888 0.17604166666666668 0.030555555555555555 0.035416666666666666