2 0.03263888888888889 0.19166666666666668 0.029166666666666667 0.03333333333333333
2 0.6381944444444444 0.18333333333333332 0.029166666666666667 0.0375
2 0.53125 0.171875 0.043055555555555555 0.035416666666666666
2 0.5888888888888889 0.184375 0.016666666666666666 0.027083333333333334
2 0.60625 0.2125 0.034722222222222224 0.041666666666666664
2 0.5715277777777777 0.23645833333333333 0.04583333333333333 0.052083333333333336
2 0.7743055555555556 0.1125 0.015277777777777777 0.020833333333333332
2 0.6680555555555555 0.115625 0.016666666666666666 0.01875
2 0.5041666666666667 0.24166666666666667 0.05 0.05
3 0.10833333333333334 0.23125 0.044444444444444446 0.0375
3 0.5368055555555555 0.221875 0.02638888888888889 0.035416666666666666
3 0.6152777777777778 0.13958333333333334 0.022222222222222223 0.025
3 0.6541666666666667 0.1375 0.019444444444444445 0.025
3 0.6854166666666667 0.11875 0.018055555555555554 0.03333333333333333
3 0.37430555555555556 0.3385416666666667 0.09583333333333334 0.06875