4 0.02847222222222222 0.35104166666666664 0.04861111111111111 0.17291666666666666
2 0.14027777777777778 0.4875 0.1388888888888889 0.12916666666666668
2 0.42430555555555555 0.31666666666666665 0.0763888888888889 0.07083333333333333
2 0.3576388888888889 0.3 0.07083333333333333 0.0625
2 0.5805555555555556 0.225 0.05277777777777778 0.058333333333333334
2 0.6152777777777778 0.16875 0.03888888888888889 0.0375
3 0.6743055555555556 0.175 0.0375 0.03333333333333333
2 0.7083333333333334 0.15104166666666666 0.030555555555555555 0.03125
3 0.7583333333333333 0.109375 0.019444444444444445 0.01875
3 0.7840277777777778 0.096875 0.015277777777777777 0.01875
3 0.8152777777777778 0.09583333333333334 0.013888888888888888 0.016666666666666666