4 0.2076388888888889 0.15208333333333332 0.03194444444444444 0.05
4 0.24791666666666667 0.23958333333333334 0.05416666666666667 0.1
3 0.26180555555555557 0.30520833333333336 0.0375 0.03958333333333333
3 0.27847222222222223 0.346875 0.04583333333333333 0.052083333333333336
2 0.3090277777777778 0.40729166666666666 0.05138888888888889 0.07708333333333334
4 0.3638888888888889 0.36666666666666664 0.05277777777777778 0.09166666666666666
3 0.32569444444444445 0.32708333333333334 0.034722222222222224 0.04583333333333333
2 0.3125 0.28125 0.030555555555555555 0.05
3 0.29305555555555557 0.2677083333333333 0.022222222222222223 0.035416666666666666
3 0.18055555555555555 0.15416666666666667 0.016666666666666666 0.016666666666666666
3 0.6083333333333333 0.48541666666666666 0.11666666666666667 0.08333333333333333
4 0.8111111111111111 0.28020833333333334 0.05 0.04375
2 0.7965277777777777 0.928125 0.2263888888888889 0.14375
2 0.9743055555555555 0.4625 0.04027777777777778 0.07083333333333333