3 0.7458333333333333 0.503125 0.1111111111111111 0.14375
3 0.39861111111111114 0.8927083333333333 0.15833333333333333 0.21458333333333332
2 0.06388888888888888 0.540625 0.11666666666666667 0.11875
3 0.125 0.578125 0.14444444444444443 0.11458333333333333
2 0.09791666666666667 0.6979166666666666 0.18472222222222223 0.2
2 0.22569444444444445 0.425 0.10972222222222222 0.09583333333333334
3 0.2701388888888889 0.4708333333333333 0.12083333333333333 0.1
3 0.36319444444444443 0.46770833333333334 0.10416666666666667 0.10625
3 0.3972222222222222 0.38229166666666664 0.08888888888888889 0.06458333333333334
3 0.4791666666666667 0.38125 0.09166666666666666 0.08333333333333333
2 0.6326388888888889 0.259375 0.05416666666666667 0.06458333333333334
4 0.9215277777777777 0.090625 0.029166666666666667 0.04791666666666667
3 0.9465277777777777 0.121875 0.02361111111111111 0.03125
3 0.7368055555555556 0.15416666666666667 0.029166666666666667 0.025
3 0.6972222222222222 0.18541666666666667 0.041666666666666664 0.03333333333333333
3 0.7597222222222222 0.11458333333333333 0.025 0.025
3 0.80625 0.10729166666666666 0.020833333333333332 0.022916666666666665
2 0.49930555555555556 0.30104166666666665 0.07916666666666666 0.06875
2 0.5520833333333334 0.26979166666666665 0.05138888888888889 0.06458333333333334
3 0.5951388888888889 0.23229166666666667 0.04861111111111111 0.052083333333333336