2 0.09097222222222222 0.9135416666666667 0.17083333333333334 0.17291666666666666
2 0.3972222222222222 0.21666666666666667 0.030555555555555555 0.041666666666666664
2 0.32430555555555557 0.15729166666666666 0.020833333333333332 0.01875
4 0.42083333333333334 0.16979166666666667 0.044444444444444446 0.06041666666666667
4 0.4875 0.196875 0.07777777777777778 0.07291666666666667
4 0.5763888888888888 0.253125 0.044444444444444446 0.04791666666666667
4 0.6263888888888889 0.278125 0.06388888888888888 0.07708333333333334
4 0.7048611111111112 0.34270833333333334 0.08194444444444444 0.06041666666666667
4 0.8486111111111111 0.425 0.125 0.09166666666666666
2 0.9020833333333333 0.29791666666666666 0.05416666666666667 0.05416666666666667
3 0.9770833333333333 0.315625 0.04027777777777778 0.04791666666666667
3 0.9534722222222223 0.2833333333333333 0.043055555555555555 0.04583333333333333
3 0.9854166666666667 0.26145833333333335 0.02361111111111111 0.035416666666666666