3 0.06805555555555555 0.2916666666666667 0.058333333333333334 0.058333333333333334
3 0.7458333333333333 0.14375 0.016666666666666666 0.020833333333333332
3 0.5465277777777777 0.21770833333333334 0.0375 0.035416666666666666
3 0.68125 0.128125 0.020833333333333332 0.022916666666666665
3 0.6611111111111111 0.1375 0.022222222222222223 0.029166666666666667
3 0.6472222222222223 0.14479166666666668 0.025 0.027083333333333334
3 0.6319444444444444 0.15625 0.016666666666666666 0.029166666666666667
3 0.61875 0.16875 0.02638888888888889 0.03333333333333333
3 0.5979166666666667 0.17708333333333334 0.02361111111111111 0.041666666666666664
3 0.5777777777777777 0.19791666666666666 0.030555555555555555 0.0375
2 0.5090277777777777 0.23854166666666668 0.04861111111111111 0.052083333333333336
2 0.7236111111111111 0.16875 0.027777777777777776 0.0375
2 0.7347222222222223 0.09166666666666666 0.022222222222222223 0.029166666666666667