2 0.40555555555555556 0.334375 0.058333333333333334 0.05625
2 0.5305555555555556 0.3645833333333333 0.075 0.0625
4 0.5111111111111111 0.559375 0.2361111111111111 0.32708333333333334
3 0.7111111111111111 0.66875 0.14722222222222223 0.15416666666666667
3 0.7833333333333333 0.903125 0.21944444444444444 0.19375
3 0.9270833333333334 0.8760416666666667 0.12083333333333333 0.19375
3 0.09652777777777778 0.7385416666666667 0.1875 0.12291666666666666
3 0.07222222222222222 0.5375 0.1388888888888889 0.1
2 0.1486111111111111 0.275 0.03333333333333333 0.041666666666666664
3 0.1701388888888889 0.24375 0.029166666666666667 0.03333333333333333
3 0.15 0.22604166666666667 0.025 0.027083333333333334
3 0.1111111111111111 0.22291666666666668 0.025 0.03333333333333333
0 0.09930555555555555 0.159375 0.02638888888888889 0.03125