3 0.3909722222222222 0.6260416666666667 0.1125 0.14375
3 0.9041666666666667 0.528125 0.1388888888888889 0.10625
2 0.6541666666666667 0.315625 0.075 0.05625
2 0.49166666666666664 0.26979166666666665 0.05277777777777778 0.04375
2 0.34930555555555554 0.3614583333333333 0.07361111111111111 0.08958333333333333
2 0.25972222222222224 0.2625 0.041666666666666664 0.05416666666666667
3 0.24097222222222223 0.23958333333333334 0.03194444444444444 0.0375
3 0.1597222222222222 0.13854166666666667 0.019444444444444445 0.022916666666666665
2 0.6618055555555555 0.19375 0.029166666666666667 0.041666666666666664
2 0.6520833333333333 0.1625 0.018055555555555554 0.029166666666666667
3 0.6451388888888889 0.14375 0.020833333333333332 0.03333333333333333