3 0.6104166666666667 0.26666666666666666 0.07083333333333333 0.041666666666666664
2 0.65 0.21458333333333332 0.05555555555555555 0.0375
3 0.15416666666666667 0.16875 0.022222222222222223 0.025
3 0.21319444444444444 0.15104166666666666 0.018055555555555554 0.01875
2 0.24444444444444444 0.16875 0.022222222222222223 0.020833333333333332
3 0.22708333333333333 0.22604166666666667 0.029166666666666667 0.035416666666666666
2 0.24166666666666667 0.24479166666666666 0.030555555555555555 0.035416666666666666
2 0.27291666666666664 0.271875 0.0375 0.04791666666666667
2 0.30069444444444443 0.3 0.0375 0.05416666666666667
2 0.33194444444444443 0.33645833333333336 0.05555555555555555 0.07291666666666667
3 0.3763888888888889 0.384375 0.06666666666666667 0.07708333333333334
3 0.19791666666666666 0.2833333333333333 0.018055555555555554 0.041666666666666664
3 0.23958333333333334 0.3260416666666667 0.08194444444444444 0.10208333333333333
2 0.27847222222222223 0.4010416666666667 0.07361111111111111 0.07708333333333334