3 0.1451388888888889 0.18645833333333334 0.02638888888888889 0.022916666666666665
3 0.1625 0.2125 0.03333333333333333 0.03333333333333333
2 0.21319444444444444 0.21979166666666666 0.029166666666666667 0.035416666666666666
3 0.19930555555555557 0.271875 0.04027777777777778 0.04375
2 0.3236111111111111 0.19479166666666667 0.030555555555555555 0.03125
3 0.4618055555555556 0.30520833333333336 0.05694444444444444 0.052083333333333336
2 0.6097222222222223 0.49270833333333336 0.1111111111111111 0.11041666666666666
2 0.5875 0.5916666666666667 0.15 0.175
2 0.6958333333333333 0.4354166666666667 0.11388888888888889 0.09166666666666666
3 0.22083333333333333 0.13125 0.025 0.020833333333333332
3 0.15138888888888888 0.15416666666666667 0.013888888888888888 0.020833333333333332
3 0.13958333333333334 0.13541666666666666 0.018055555555555554 0.016666666666666666