3 0.23194444444444445 0.23541666666666666 0.1388888888888889 0.07083333333333333
3 0.21597222222222223 0.571875 0.22083333333333333 0.23541666666666666
2 0.5097222222222222 0.16875 0.06944444444444445 0.0625
2 0.65 0.17395833333333333 0.06111111111111111 0.05625
0 0.7506944444444444 0.1125 0.043055555555555555 0.0625
0 0.6916666666666667 0.06979166666666667 0.027777777777777776 0.03125
2 0.6444444444444445 0.109375 0.025 0.035416666666666666
3 0.6118055555555556 0.11875 0.020833333333333332 0.029166666666666667
3 0.5923611111111111 0.134375 0.02361111111111111 0.03125
3 0.5673611111111111 0.13541666666666666 0.020833333333333332 0.03333333333333333
3 0.5576388888888889 0.16041666666666668 0.02638888888888889 0.0375
3 0.3784722222222222 0.15520833333333334 0.0875 0.04791666666666667