2 0.15763888888888888 0.3927083333333333 0.14027777777777778 0.12291666666666666
3 0.3055555555555556 0.3927083333333333 0.12777777777777777 0.10625
3 0.61875 0.5177083333333333 0.11805555555555555 0.13958333333333334
3 0.3527777777777778 0.2520833333333333 0.08055555555555556 0.0625
2 0.5708333333333333 0.20416666666666666 0.06666666666666667 0.06666666666666667
3 0.5895833333333333 0.15833333333333333 0.04027777777777778 0.03333333333333333
2 0.75625 0.09375 0.034722222222222224 0.0375
3 0.85625 0.15833333333333333 0.04583333333333333 0.04583333333333333
2 0.8215277777777777 0.052083333333333336 0.02638888888888889 0.029166666666666667
3 0.8736111111111111 0.08125 0.025 0.025
3 0.7840277777777778 0.05625 0.029166666666666667 0.029166666666666667
3 0.8486111111111111 0.041666666666666664 0.019444444444444445 0.020833333333333332
3 0.8708333333333333 0.03229166666666667 0.019444444444444445 0.01875
3 0.9152777777777777 0.04375 0.019444444444444445 0.020833333333333332