3 0.2763888888888889 0.18125 0.027777777777777776 0.03333333333333333
2 0.3 0.16041666666666668 0.025 0.029166666666666667
2 0.28194444444444444 0.115625 0.022222222222222223 0.022916666666666665
2 0.3173611111111111 0.10104166666666667 0.015277777777777777 0.022916666666666665
3 0.3451388888888889 0.13333333333333333 0.020833333333333332 0.020833333333333332
3 0.3625 0.15833333333333333 0.022222222222222223 0.020833333333333332
2 0.39791666666666664 0.18958333333333333 0.029166666666666667 0.03333333333333333
2 0.43819444444444444 0.23125 0.04027777777777778 0.04583333333333333
3 0.5159722222222223 0.30625 0.05694444444444444 0.05
2 0.32916666666666666 0.23645833333333333 0.030555555555555555 0.03958333333333333
2 0.38125 0.325 0.05138888888888889 0.058333333333333334
2 0.4625 0.45 0.09166666666666666 0.11666666666666667
4 0.7659722222222223 0.909375 0.24583333333333332 0.18125
3 0.9291666666666667 0.9239583333333333 0.125 0.15208333333333332