4 0.7534722222222222 0.078125 0.0625 0.05625
3 0.7277777777777777 0.109375 0.03333333333333333 0.03125
2 0.6104166666666667 0.18333333333333332 0.05138888888888889 0.04583333333333333
3 0.8368055555555556 0.06145833333333333 0.02638888888888889 0.027083333333333334
3 0.8625 0.16666666666666666 0.027777777777777776 0.03333333333333333
4 0.9041666666666667 0.18020833333333333 0.041666666666666664 0.06875
3 0.8666666666666667 0.25416666666666665 0.044444444444444446 0.05416666666666667
3 0.8111111111111111 0.3854166666666667 0.06388888888888888 0.07083333333333333
3 0.7145833333333333 0.36875 0.07361111111111111 0.075
2 0.3638888888888889 0.825 0.18611111111111112 0.22083333333333333
4 0.7215277777777778 0.19375 0.05138888888888889 0.05416666666666667
2 0.6763888888888889 0.22291666666666668 0.04722222222222222 0.04583333333333333
3 0.6020833333333333 0.22604166666666667 0.04861111111111111 0.04375
2 0.6263888888888889 0.25833333333333336 0.05277777777777778 0.0625
2 0.5763888888888888 0.30104166666666665 0.06388888888888888 0.07291666666666667
2 0.5138888888888888 0.35 0.075 0.06666666666666667
2 0.38472222222222224 0.4375 0.1111111111111111 0.125
3 0.26180555555555557 0.5552083333333333 0.12916666666666668 0.13125