2 0.4666666666666667 0.740625 0.175 0.14375
2 0.42916666666666664 0.47291666666666665 0.13055555555555556 0.1125
3 0.7368055555555556 0.5177083333333333 0.07083333333333333 0.08958333333333333
2 0.7215277777777778 0.36770833333333336 0.05416666666666667 0.05625
3 0.6486111111111111 0.36770833333333336 0.04722222222222222 0.06041666666666667
3 0.55625 0.35208333333333336 0.0375 0.058333333333333334
2 0.6236111111111111 0.31145833333333334 0.03888888888888889 0.06041666666666667
2 0.6590277777777778 0.2604166666666667 0.03194444444444444 0.04583333333333333
3 0.60625 0.26145833333333335 0.03194444444444444 0.04375
2 0.5583333333333333 0.26979166666666665 0.030555555555555555 0.04375
2 0.6256944444444444 0.20833333333333334 0.02361111111111111 0.029166666666666667
2 0.5513888888888889 0.15625 0.019444444444444445 0.025