2 0.6076388888888888 0.5895833333333333 0.20694444444444443 0.13333333333333333
2 0.28055555555555556 0.26458333333333334 0.08333333333333333 0.075
3 0.34375 0.28020833333333334 0.0875 0.07291666666666667
3 0.37916666666666665 0.22395833333333334 0.06666666666666667 0.052083333333333336
2 0.4375 0.19166666666666668 0.06666666666666667 0.05416666666666667
3 0.49236111111111114 0.171875 0.043055555555555555 0.04375
3 0.5833333333333334 0.1625 0.041666666666666664 0.0375
3 0.6277777777777778 0.12604166666666666 0.03611111111111111 0.027083333333333334
3 0.6826388888888889 0.10416666666666667 0.02638888888888889 0.020833333333333332
3 0.8284722222222223 0.08958333333333333 0.018055555555555554 0.020833333333333332
3 0.8493055555555555 0.07395833333333333 0.0125 0.01875
3 0.7805555555555556 0.07291666666666667 0.016666666666666666 0.0125