3 0.1798611111111111 0.16145833333333334 0.0125 0.01875
3 0.1986111111111111 0.178125 0.019444444444444445 0.03125
3 0.20902777777777778 0.196875 0.02638888888888889 0.035416666666666666
2 0.30694444444444446 0.165625 0.027777777777777776 0.03125
4 0.39861111111111114 0.17916666666666667 0.09166666666666666 0.07083333333333333
2 0.3972222222222222 0.21458333333333332 0.002777777777777778 0.004166666666666667
2 0.5381944444444444 0.25729166666666664 0.05694444444444444 0.052083333333333336
3 0.6673611111111111 0.2125 0.02638888888888889 0.0375
3 0.8305555555555556 0.478125 0.11666666666666667 0.09375
3 0.42083333333333334 0.7520833333333333 0.13333333333333333 0.20416666666666666
4 0.8354166666666667 0.86875 0.32916666666666666 0.2625
4 0.3486111111111111 0.353125 0.08888888888888889 0.13125
1 0.26805555555555555 0.2864583333333333 0.022222222222222223 0.04375
3 0.22152777777777777 0.31145833333333334 0.043055555555555555 0.06041666666666667
2 0.25416666666666665 0.40208333333333335 0.05277777777777778 0.08333333333333333
3 0.15625 0.13541666666666666 0.0125 0.016666666666666666
3 0.16666666666666666 0.14270833333333333 0.013888888888888888 0.01875
3 0.22916666666666666 0.11145833333333334 0.013888888888888888 0.01875