2 0.68125 0.6010416666666667 0.12361111111111112 0.12291666666666666
0 0.7208333333333333 0.7666666666666667 0.4083333333333333 0.4666666666666667
2 0.9506944444444444 0.859375 0.0763888888888889 0.16041666666666668
2 0.6416666666666667 0.1875 0.044444444444444446 0.0375
2 0.7020833333333333 0.18229166666666666 0.04583333333333333 0.03125
3 0.7430555555555556 0.17916666666666667 0.030555555555555555 0.029166666666666667
3 0.30277777777777776 0.23333333333333334 0.04722222222222222 0.041666666666666664
4 0.28402777777777777 0.19375 0.0375 0.041666666666666664
2 0.2590277777777778 0.18333333333333332 0.018055555555555554 0.03333333333333333
3 0.5618055555555556 0.8677083333333333 0.1763888888888889 0.23541666666666666
2 0.39861111111111114 0.6291666666666667 0.09722222222222222 0.13333333333333333
3 0.2986111111111111 0.48854166666666665 0.075 0.09375
4 0.20833333333333334 0.3385416666666667 0.06388888888888888 0.07708333333333334
2 0.24930555555555556 0.29375 0.05416666666666667 0.07083333333333333
3 0.21944444444444444 0.23229166666666667 0.03611111111111111 0.03958333333333333
2 0.16111111111111112 0.27395833333333336 0.041666666666666664 0.05625
2 0.15625 0.2 0.029166666666666667 0.029166666666666667
3 0.12291666666666666 0.22083333333333333 0.02638888888888889 0.03333333333333333