2 0.7527777777777778 0.4583333333333333 0.05 0.08333333333333333
2 0.5277777777777778 0.4375 0.06944444444444445 0.0875
3 0.6930555555555555 0.33958333333333335 0.044444444444444446 0.05416666666666667
2 0.6270833333333333 0.35 0.04027777777777778 0.0625
2 0.6159722222222223 0.3 0.03194444444444444 0.041666666666666664
2 0.6486111111111111 0.25416666666666665 0.030555555555555555 0.041666666666666664
2 0.6069444444444444 0.26666666666666666 0.025 0.04583333333333333
2 0.5666666666666667 0.3385416666666667 0.044444444444444446 0.05625
3 0.5527777777777778 0.3 0.025 0.04583333333333333
3 0.5604166666666667 0.25104166666666666 0.02638888888888889 0.052083333333333336
3 0.37430555555555556 0.7822916666666667 0.19583333333333333 0.15208333333333332
2 0.6180555555555556 0.18854166666666666 0.019444444444444445 0.027083333333333334