3 0.1701388888888889 0.209375 0.018055555555555554 0.03125
2 0.19027777777777777 0.21354166666666666 0.027777777777777776 0.04375
3 0.2048611111111111 0.23958333333333334 0.015277777777777777 0.025
4 0.25416666666666665 0.24375 0.1 0.125
2 0.24722222222222223 0.32083333333333336 0.04722222222222222 0.058333333333333334
2 0.3277777777777778 0.30833333333333335 0.058333333333333334 0.058333333333333334
3 0.3736111111111111 0.35833333333333334 0.06666666666666667 0.058333333333333334
2 0.4423611111111111 0.409375 0.07916666666666666 0.09791666666666667
2 0.5201388888888889 0.4822916666666667 0.10694444444444444 0.12291666666666666
3 0.6347222222222222 0.64375 0.15 0.175
2 0.2916666666666667 0.5072916666666667 0.08055555555555556 0.12291666666666666
2 0.22430555555555556 0.684375 0.14305555555555555 0.19375
3 0.8756944444444444 0.6572916666666667 0.18472222222222223 0.18125
3 0.8965277777777778 0.9083333333333333 0.1875 0.18333333333333332
3 0.09166666666666666 0.9010416666666666 0.175 0.19791666666666666