2 0.1 0.5697916666666667 0.11666666666666667 0.11875
2 0.5159722222222223 0.48854166666666665 0.11527777777777778 0.11041666666666666
2 0.45902777777777776 0.2864583333333333 0.06805555555555555 0.06458333333333334
2 0.14166666666666666 0.309375 0.05555555555555555 0.05625
3 0.075 0.33645833333333336 0.044444444444444446 0.052083333333333336
3 0.052083333333333336 0.290625 0.034722222222222224 0.04375
3 0.018055555555555554 0.225 0.03333333333333333 0.04583333333333333
3 0.5326388888888889 0.25625 0.05138888888888889 0.05
3 0.4791666666666667 0.23645833333333333 0.05277777777777778 0.04375
2 0.5305555555555556 0.21145833333333333 0.04722222222222222 0.03958333333333333
3 0.5763888888888888 0.225 0.03888888888888889 0.04583333333333333
3 0.5784722222222223 0.19270833333333334 0.034722222222222224 0.03125
2 0.6229166666666667 0.19895833333333332 0.043055555555555555 0.03958333333333333
2 0.6055555555555555 0.17395833333333333 0.027777777777777776 0.027083333333333334
2 0.6340277777777777 0.16041666666666668 0.03194444444444444 0.03333333333333333
3 0.6729166666666667 0.17083333333333334 0.03194444444444444 0.029166666666666667
3 0.68125 0.140625 0.03194444444444444 0.027083333333333334
4 0.7138888888888889 0.11666666666666667 0.044444444444444446 0.05
4 0.7048611111111112 0.15208333333333332 0.020833333333333332 0.025
3 0.7277777777777777 0.14479166666666668 0.016666666666666666 0.027083333333333334
3 0.7402777777777778 0.134375 0.019444444444444445 0.022916666666666665
2 0.8784722222222222 0.140625 0.018055555555555554 0.022916666666666665
3 0.8763888888888889 0.11145833333333334 0.013888888888888888 0.014583333333333334
3 0.9027777777777778 0.11145833333333334 0.019444444444444445 0.027083333333333334
3 0.03611111111111111 0.17395833333333333 0.030555555555555555 0.03125