2 0.05277777777777778 0.8125 0.1 0.125
2 0.3840277777777778 0.3770833333333333 0.05416666666666667 0.07916666666666666
2 0.6791666666666667 0.3645833333333333 0.06944444444444445 0.0625
2 0.3277777777777778 0.284375 0.03888888888888889 0.052083333333333336
3 0.17916666666666667 0.46145833333333336 0.06388888888888888 0.07708333333333334
3 0.31666666666666665 0.3854166666666667 0.04722222222222222 0.058333333333333334
3 0.2972222222222222 0.34479166666666666 0.03888888888888889 0.04791666666666667
3 0.28055555555555556 0.309375 0.027777777777777776 0.03125
2 0.2708333333333333 0.27395833333333336 0.030555555555555555 0.04791666666666667
2 0.3055555555555556 0.2520833333333333 0.030555555555555555 0.0375
2 0.18958333333333333 0.39479166666666665 0.04861111111111111 0.05625
3 0.2 0.340625 0.03888888888888889 0.052083333333333336
3 0.20972222222222223 0.3072916666666667 0.030555555555555555 0.03125
2 0.2048611111111111 0.26979166666666665 0.034722222222222224 0.04375
3 0.20069444444444445 0.23229166666666667 0.029166666666666667 0.027083333333333334
2 0.24027777777777778 0.20520833333333333 0.030555555555555555 0.027083333333333334
3 0.24583333333333332 0.23229166666666667 0.025 0.01875
3 0.2534722222222222 0.25416666666666665 0.02638888888888889 0.025
3 0.28194444444444444 0.21458333333333332 0.025 0.029166666666666667
3 0.2701388888888889 0.19895833333333332 0.02638888888888889 0.027083333333333334
3 0.96875 0.43645833333333334 0.04027777777777778 0.06041666666666667
3 0.8486111111111111 0.965625 0.21666666666666667 0.06875