4 0.3034722222222222 0.35625 0.09027777777777778 0.18333333333333332
3 0.38680555555555557 0.396875 0.059722222222222225 0.06875
3 0.3472222222222222 0.33229166666666665 0.041666666666666664 0.04791666666666667
2 0.33125 0.28854166666666664 0.0375 0.03958333333333333
4 0.3 0.22708333333333333 0.06666666666666667 0.12083333333333333
4 0.24097222222222223 0.21770833333333334 0.05694444444444444 0.11458333333333333
2 0.43819444444444444 0.23645833333333333 0.03194444444444444 0.035416666666666666
3 0.4076388888888889 0.1875 0.029166666666666667 0.029166666666666667
4 0.8902777777777777 0.5 0.2 0.19166666666666668
2 0.7069444444444445 0.22604166666666667 0.05555555555555555 0.03125
2 0.46597222222222223 0.21875 0.02638888888888889 0.029166666666666667
2 0.34305555555555556 0.16145833333333334 0.025 0.027083333333333334