2 0.2125 0.18333333333333332 0.025 0.025
2 0.3451388888888889 0.23645833333333333 0.043055555555555555 0.03958333333333333
2 0.4131944444444444 0.31145833333333334 0.0625 0.04791666666666667
2 0.26944444444444443 0.3177083333333333 0.05 0.06041666666666667
2 0.2611111111111111 0.409375 0.06388888888888888 0.08541666666666667
2 0.45208333333333334 0.5291666666666667 0.10138888888888889 0.10416666666666667
2 0.42777777777777776 0.6614583333333334 0.13055555555555556 0.17291666666666666
1 0.3645833333333333 0.565625 0.0375 0.06041666666666667
2 0.5659722222222222 0.5239583333333333 0.10416666666666667 0.11458333333333333
3 0.6875 0.6302083333333334 0.14444444444444443 0.12708333333333333
3 0.6076388888888888 0.6885416666666667 0.13472222222222222 0.14791666666666667
3 0.5930555555555556 0.8979166666666667 0.18611111111111112 0.20416666666666666
3 0.9506944444444444 0.6364583333333333 0.0763888888888889 0.09375
4 0.9041666666666667 0.84375 0.16666666666666666 0.24166666666666667
4 0.7888888888888889 0.8375 0.25833333333333336 0.325
4 0.47291666666666665 0.43333333333333335 0.10694444444444444 0.09583333333333334
3 0.375 0.43854166666666666 0.075 0.08125
3 0.30972222222222223 0.49895833333333334 0.08888888888888889 0.10625
2 0.39375 0.3729166666666667 0.0625 0.07083333333333333
2 0.3125 0.38229166666666664 0.058333333333333334 0.06875
4 0.22361111111111112 0.26666666666666666 0.06388888888888888 0.09583333333333334
3 0.1798611111111111 0.309375 0.034722222222222224 0.04791666666666667
3 0.15416666666666667 0.27291666666666664 0.03333333333333333 0.041666666666666664
3 0.13958333333333334 0.2520833333333333 0.020833333333333332 0.03333333333333333
3 0.1284722222222222 0.225 0.02638888888888889 0.029166666666666667
3 0.8 0.2947916666666667 0.07777777777777778 0.052083333333333336
3 0.7097222222222223 0.26666666666666666 0.06388888888888888 0.05416666666666667
3 0.7125 0.18333333333333332 0.06388888888888888 0.03333333333333333