3 0.17916666666666667 0.40520833333333334 0.058333333333333334 0.06875
3 0.325 0.4125 0.058333333333333334 0.075
3 0.36180555555555555 0.3541666666666667 0.04583333333333333 0.05416666666666667
3 0.5979166666666667 0.39895833333333336 0.04583333333333333 0.06041666666666667
3 0.5173611111111112 0.3020833333333333 0.04583333333333333 0.041666666666666664
3 0.34305555555555556 0.309375 0.041666666666666664 0.04375
3 0.28055555555555556 0.31354166666666666 0.030555555555555555 0.03125
3 0.29583333333333334 0.3572916666666667 0.044444444444444446 0.04791666666666667
3 0.2722222222222222 0.28229166666666666 0.03611111111111111 0.03125
3 0.2520833333333333 0.2625 0.029166666666666667 0.0375
3 0.3236111111111111 0.275 0.03611111111111111 0.04583333333333333
3 0.30069444444444443 0.25416666666666665 0.02638888888888889 0.0375
3 0.28680555555555554 0.228125 0.029166666666666667 0.027083333333333334
3 0.24791666666666667 0.21979166666666666 0.02361111111111111 0.022916666666666665
2 0.23055555555555557 0.196875 0.025 0.035416666666666666
4 0.4548611111111111 0.25104166666666666 0.04027777777777778 0.03958333333333333
2 0.5916666666666667 0.3072916666666667 0.04722222222222222 0.04375
2 0.3972222222222222 0.20625 0.030555555555555555 0.025
2 0.8083333333333333 0.29583333333333334 0.044444444444444446 0.04583333333333333
3 0.3236111111111111 0.146875 0.019444444444444445 0.01875
2 0.29375 0.125 0.018055555555555554 0.016666666666666666
2 0.27152777777777776 0.21041666666666667 0.02638888888888889 0.029166666666666667
3 0.26180555555555557 0.18125 0.02361111111111111 0.025
4 0.1875 0.15104166666666666 0.027777777777777776 0.06041666666666667
2 0.4465277777777778 0.2125 0.034722222222222224 0.029166666666666667
2 0.6041666666666666 0.7489583333333333 0.14722222222222223 0.14791666666666667
2 0.9708333333333333 0.4354166666666667 0.041666666666666664 0.058333333333333334
2 0.39444444444444443 0.4010416666666667 0.05277777777777778 0.06875