2 0.225 0.371875 0.10277777777777777 0.08541666666666667
3 0.24444444444444444 0.428125 0.10833333333333334 0.08541666666666667
3 0.44375 0.26875 0.059722222222222225 0.05
3 0.5104166666666666 0.27291666666666664 0.059722222222222225 0.05
3 0.5604166666666667 0.2 0.0375 0.0375
3 0.6340277777777777 0.19479166666666667 0.043055555555555555 0.03958333333333333
3 0.6347222222222222 0.15104166666666666 0.05 0.052083333333333336
3 0.7131944444444445 0.153125 0.02361111111111111 0.022916666666666665
3 0.6798611111111111 0.16875 0.03194444444444444 0.029166666666666667
3 0.8034722222222223 0.2760416666666667 0.0375 0.04375
3 0.8416666666666667 0.14166666666666666 0.019444444444444445 0.025
3 0.8659722222222223 0.17395833333333333 0.02361111111111111 0.027083333333333334
4 0.7590277777777777 0.096875 0.08472222222222223 0.06875
2 0.06875 0.3104166666666667 0.05138888888888889 0.06666666666666667
2 0.044444444444444446 0.27708333333333335 0.03611111111111111 0.05416666666666667
2 0.027083333333333334 0.23645833333333333 0.0375 0.04375