4 0.19722222222222222 0.08645833333333333 0.022222222222222223 0.03125
3 0.16041666666666668 0.13125 0.018055555555555554 0.020833333333333332
3 0.18263888888888888 0.16041666666666668 0.020833333333333332 0.025
2 0.23472222222222222 0.21770833333333334 0.030555555555555555 0.03958333333333333
3 0.25555555555555554 0.253125 0.03888888888888889 0.04791666666666667
3 0.30277777777777776 0.3260416666666667 0.05 0.05625
2 0.6520833333333333 0.159375 0.020833333333333332 0.022916666666666665
3 0.6541666666666667 0.17708333333333334 0.022222222222222223 0.0125
2 0.6583333333333333 0.19895833333333332 0.025 0.03125
3 0.6673611111111111 0.22395833333333334 0.029166666666666667 0.035416666666666666
3 0.6854166666666667 0.16041666666666668 0.02638888888888889 0.029166666666666667