2 0.11944444444444445 0.384375 0.12777777777777777 0.11041666666666666
3 0.38472222222222224 0.3927083333333333 0.10277777777777777 0.08125
4 0.3875 0.49166666666666664 0.17777777777777778 0.22083333333333333
2 0.8 0.5395833333333333 0.17222222222222222 0.12916666666666668
3 0.9145833333333333 0.6708333333333333 0.1625 0.1375
2 0.44583333333333336 0.22395833333333334 0.06944444444444445 0.06458333333333334
3 0.39166666666666666 0.2125 0.08055555555555556 0.06666666666666667
3 0.7173611111111111 0.21666666666666667 0.05138888888888889 0.04583333333333333
4 0.925 0.21354166666666666 0.15 0.14375
3 0.6402777777777777 0.13958333333333334 0.03888888888888889 0.03333333333333333
2 0.7256944444444444 0.15416666666666667 0.03194444444444444 0.0375
2 0.6791666666666667 0.1 0.027777777777777776 0.029166666666666667
2 0.7034722222222223 0.115625 0.020833333333333332 0.03125
2 0.75 0.09479166666666666 0.027777777777777776 0.027083333333333334
3 0.8291666666666667 0.1125 0.022222222222222223 0.020833333333333332