2 0.6826388888888889 0.43125 0.09027777777777778 0.08333333333333333
3 0.5027777777777778 0.40208333333333335 0.09166666666666666 0.075
2 0.40069444444444446 0.4 0.08194444444444444 0.09583333333333334
3 0.25763888888888886 0.36770833333333336 0.059722222222222225 0.06458333333333334
3 0.30833333333333335 0.30833333333333335 0.05 0.058333333333333334
3 0.21388888888888888 0.25 0.03888888888888889 0.04583333333333333
3 0.20416666666666666 0.18958333333333333 0.027777777777777776 0.03333333333333333
3 0.15138888888888888 0.19270833333333334 0.025 0.03125
3 0.18333333333333332 0.15104166666666666 0.019444444444444445 0.027083333333333334
4 0.33819444444444446 0.20625 0.07361111111111111 0.08333333333333333
4 0.4326388888888889 0.246875 0.04583333333333333 0.04375