2 0.2743055555555556 0.1625 0.043055555555555555 0.04583333333333333
3 0.3111111111111111 0.19270833333333334 0.04722222222222222 0.04791666666666667
3 0.34930555555555554 0.24166666666666667 0.0763888888888889 0.0875
2 0.35 0.15416666666666667 0.041666666666666664 0.05
3 0.3909722222222222 0.19375 0.04861111111111111 0.04583333333333333
3 0.4201388888888889 0.146875 0.05138888888888889 0.06458333333333334
2 0.49930555555555556 0.22916666666666666 0.10972222222222222 0.09583333333333334
2 0.4756944444444444 0.3614583333333333 0.1597222222222222 0.22291666666666668
3 0.6125 0.171875 0.08888888888888889 0.05625
2 0.7791666666666667 0.18020833333333333 0.08888888888888889 0.06458333333333334
3 0.8784722222222222 0.18229166666666666 0.0625 0.04375
2 0.9416666666666667 0.16458333333333333 0.05 0.04583333333333333
2 0.9354166666666667 0.221875 0.059722222222222225 0.06041666666666667
3 0.74375 0.8020833333333334 0.3680555555555556 0.3958333333333333
3 0.3326388888888889 0.11666666666666667 0.029166666666666667 0.029166666666666667