3 0.26875 0.12604166666666666 0.020833333333333332 0.022916666666666665
3 0.2902777777777778 0.15520833333333334 0.025 0.027083333333333334
3 0.32083333333333336 0.16979166666666667 0.025 0.03125
3 0.36944444444444446 0.175 0.027777777777777776 0.025
3 0.44722222222222224 0.16770833333333332 0.044444444444444446 0.027083333333333334
3 0.4798611111111111 0.22291666666666668 0.059722222222222225 0.05416666666666667
2 0.5527777777777778 0.3125 0.06666666666666667 0.0625
4 0.6756944444444445 0.37083333333333335 0.10138888888888889 0.07916666666666666
2 0.32013888888888886 0.328125 0.05416666666666667 0.08125
4 0.32222222222222224 0.4875 0.23055555555555557 0.44166666666666665
3 0.8354166666666667 0.93125 0.18472222222222223 0.1375
3 0.9576388888888889 0.575 0.07916666666666666 0.10416666666666667
4 0.8895833333333333 0.42291666666666666 0.20972222222222223 0.20416666666666666
4 0.6625 0.21666666666666667 0.030555555555555555 0.0375
3 0.65625 0.17708333333333334 0.029166666666666667 0.03333333333333333
3 0.6416666666666667 0.14270833333333333 0.027777777777777776 0.035416666666666666
2 0.1625 0.1875 0.027777777777777776 0.03333333333333333
2 0.40347222222222223 0.11145833333333334 0.02361111111111111 0.027083333333333334
3 0.15694444444444444 0.12916666666666668 0.025 0.020833333333333332