4 0.06875 0.075 0.06805555555555555 0.08333333333333333
2 0.11597222222222223 0.165625 0.0375 0.04791666666666667
3 0.1597222222222222 0.15 0.044444444444444446 0.04583333333333333
3 0.1486111111111111 0.19895833333333332 0.04722222222222222 0.052083333333333336
3 0.2152777777777778 0.184375 0.05 0.04791666666666667
2 0.21736111111111112 0.24895833333333334 0.07083333333333333 0.07708333333333334
2 0.3055555555555556 0.23645833333333333 0.08055555555555556 0.07708333333333334
3 0.33958333333333335 0.353125 0.10972222222222222 0.10625
3 0.38958333333333334 0.30416666666666664 0.09027777777777778 0.08333333333333333
3 0.4826388888888889 0.5041666666666667 0.1486111111111111 0.15833333333333333
2 0.71875 0.525 0.19305555555555556 0.19583333333333333
4 0.9034722222222222 0.8739583333333333 0.18194444444444444 0.2520833333333333