3 0.07916666666666666 0.5447916666666667 0.10833333333333334 0.11041666666666666
3 0.20277777777777778 0.39375 0.05277777777777778 0.08333333333333333
3 0.2111111111111111 0.30833333333333335 0.03611111111111111 0.05
3 0.19236111111111112 0.203125 0.02638888888888889 0.027083333333333334
3 0.18888888888888888 0.16979166666666667 0.022222222222222223 0.01875
3 0.2388888888888889 0.21041666666666667 0.030555555555555555 0.029166666666666667
3 0.2520833333333333 0.24895833333333334 0.02638888888888889 0.03125
4 0.325 0.4010416666666667 0.09166666666666666 0.16041666666666668
2 0.42430555555555555 0.42083333333333334 0.06527777777777778 0.09583333333333334
2 0.3402777777777778 0.3 0.041666666666666664 0.058333333333333334
2 0.2847222222222222 0.221875 0.027777777777777776 0.03125
3 0.39375 0.20104166666666667 0.029166666666666667 0.027083333333333334
2 0.30416666666666664 0.11666666666666667 0.016666666666666666 0.016666666666666666
3 0.22291666666666668 0.175 0.02361111111111111 0.029166666666666667
3 0.2534722222222222 0.16979166666666667 0.020833333333333332 0.01875