3 0.4618055555555556 0.296875 0.06805555555555555 0.05625
2 0.059722222222222225 0.31979166666666664 0.05 0.06458333333333334
2 0.10833333333333334 0.26458333333333334 0.044444444444444446 0.05
2 0.035416666666666666 0.27291666666666664 0.04583333333333333 0.0625
2 0.019444444444444445 0.22916666666666666 0.027777777777777776 0.04583333333333333
3 0.015277777777777777 0.14583333333333334 0.022222222222222223 0.029166666666666667
2 0.4548611111111111 0.25 0.05694444444444444 0.04583333333333333
3 0.5291666666666667 0.22083333333333333 0.03611111111111111 0.0375
2 0.5486111111111112 0.24166666666666667 0.05 0.05
3 0.7888888888888889 0.31875 0.05 0.0625
2 0.7256944444444444 0.265625 0.034722222222222224 0.04375
2 0.5819444444444445 0.18854166666666666 0.03888888888888889 0.03958333333333333
3 0.6083333333333333 0.21458333333333332 0.044444444444444446 0.03333333333333333
3 0.6375 0.18020833333333333 0.041666666666666664 0.035416666666666666
3 0.6201388888888889 0.17083333333333334 0.020833333333333332 0.029166666666666667
3 0.6576388888888889 0.153125 0.03194444444444444 0.022916666666666665
3 0.6763888888888889 0.16458333333333333 0.025 0.029166666666666667
2 0.70625 0.15104166666666666 0.03194444444444444 0.035416666666666666
3 0.7409722222222223 0.13541666666666666 0.020833333333333332 0.020833333333333332
3 0.7555555555555555 0.12604166666666666 0.013888888888888888 0.01875
3 0.7680555555555556 0.11979166666666667 0.016666666666666666 0.022916666666666665
2 0.7833333333333333 0.1125 0.013888888888888888 0.020833333333333332
2 0.8618055555555556 0.11875 0.020833333333333332 0.020833333333333332
3 0.8951388888888889 0.08645833333333333 0.0125 0.010416666666666666
3 0.8118055555555556 0.084375 0.015277777777777777 0.01875
3 0.8354166666666667 0.071875 0.015277777777777777 0.014583333333333334
4 0.8597222222222223 0.053125 0.019444444444444445 0.027083333333333334