2 0.19305555555555556 0.153125 0.030555555555555555 0.035416666666666666
3 0.22708333333333333 0.18020833333333333 0.0375 0.035416666666666666
2 0.2763888888888889 0.21041666666666667 0.041666666666666664 0.05
2 0.3194444444444444 0.23854166666666668 0.04722222222222222 0.05625
2 0.37569444444444444 0.28020833333333334 0.0625 0.07291666666666667
3 0.47291666666666665 0.359375 0.08472222222222223 0.07708333333333334
2 0.5694444444444444 0.41770833333333335 0.1111111111111111 0.11875
4 0.7159722222222222 0.5302083333333333 0.18472222222222223 0.18541666666666667
3 0.9590277777777778 0.7427083333333333 0.06805555555555555 0.12708333333333333
3 0.36041666666666666 0.19791666666666666 0.043055555555555555 0.041666666666666664
2 0.29930555555555555 0.13645833333333332 0.034722222222222224 0.035416666666666666
3 0.17083333333333334 0.140625 0.025 0.035416666666666666