4 0.18194444444444444 0.23229166666666667 0.15555555555555556 0.12291666666666666
3 0.2 0.171875 0.04722222222222222 0.04375
3 0.2423611111111111 0.15729166666666666 0.04027777777777778 0.03958333333333333
2 0.07916666666666666 0.14895833333333333 0.03333333333333333 0.04375
2 0.29444444444444445 0.1125 0.05 0.05
3 0.6375 0.12604166666666666 0.041666666666666664 0.03125
3 0.7986111111111112 0.184375 0.04722222222222222 0.03125
3 0.8506944444444444 0.16979166666666667 0.034722222222222224 0.022916666666666665
3 0.9479166666666666 0.171875 0.04861111111111111 0.027083333333333334
3 0.6326388888888889 0.459375 0.15416666666666667 0.14791666666666667
2 0.7902777777777777 0.459375 0.175 0.17291666666666666
4 0.7805555555555556 0.7395833333333334 0.3055555555555556 0.30833333333333335
2 0.9236111111111112 0.7020833333333333 0.14166666666666666 0.23333333333333334
2 0.1076388888888889 0.109375 0.02638888888888889 0.035416666666666666
2 0.1736111111111111 0.09166666666666666 0.03333333333333333 0.025
3 0.050694444444444445 0.11145833333333334 0.029166666666666667 0.03125