3 0.13125 0.13020833333333334 0.0125 0.01875
3 0.14097222222222222 0.15208333333333332 0.020833333333333332 0.020833333333333332
3 0.15555555555555556 0.13125 0.011111111111111112 0.0125
3 0.18263888888888888 0.159375 0.020833333333333332 0.027083333333333334
3 0.19791666666666666 0.18958333333333333 0.02638888888888889 0.03333333333333333
2 0.18263888888888888 0.21979166666666666 0.029166666666666667 0.04375
2 0.20555555555555555 0.26875 0.03888888888888889 0.058333333333333334
3 0.2465277777777778 0.36770833333333336 0.05416666666666667 0.06875
2 0.34097222222222223 0.353125 0.06805555555555555 0.08125
3 0.5402777777777777 0.44166666666666665 0.11944444444444445 0.0875
2 0.44722222222222224 0.771875 0.14166666666666666 0.21875
2 0.3590277777777778 0.16145833333333334 0.043055555555555555 0.027083333333333334
2 0.46458333333333335 0.16666666666666666 0.04583333333333333 0.025
3 0.5659722222222222 0.16145833333333334 0.04027777777777778 0.027083333333333334
3 0.6694444444444444 0.21041666666666667 0.030555555555555555 0.029166666666666667
2 0.6645833333333333 0.1875 0.02361111111111111 0.025
2 0.6555555555555556 0.17083333333333334 0.016666666666666666 0.020833333333333332
2 0.7388888888888889 0.20416666666666666 0.03333333333333333 0.04583333333333333
0 0.6361111111111111 0.10833333333333334 0.016666666666666666 0.03333333333333333
3 0.25763888888888886 0.12395833333333334 0.018055555555555554 0.01875
3 0.23194444444444445 0.12291666666666666 0.016666666666666666 0.020833333333333332
3 0.3402777777777778 0.11666666666666667 0.016666666666666666 0.020833333333333332