4 0.19652777777777777 0.21458333333333332 0.04027777777777778 0.075
3 0.2013888888888889 0.2791666666666667 0.027777777777777776 0.0375
2 0.18888888888888888 0.375 0.044444444444444446 0.05416666666666667
3 0.1798611111111111 0.4427083333333333 0.059722222222222225 0.07708333333333334
2 0.3138888888888889 0.40729166666666666 0.05 0.07291666666666667
3 0.2972222222222222 0.36041666666666666 0.03611111111111111 0.041666666666666664
3 0.2923611111111111 0.321875 0.034722222222222224 0.04791666666666667
3 0.27361111111111114 0.2875 0.03333333333333333 0.041666666666666664
4 0.24861111111111112 0.22395833333333334 0.05 0.09375
2 0.3034722222222222 0.24375 0.03194444444444444 0.03333333333333333
2 0.3215277777777778 0.2760416666666667 0.034722222222222224 0.04375
3 0.3416666666666667 0.3125 0.03611111111111111 0.0375
3 0.3597222222222222 0.3489583333333333 0.044444444444444446 0.052083333333333336
3 0.40625 0.4041666666666667 0.059722222222222225 0.0625
2 0.4576388888888889 0.36770833333333336 0.0625 0.08125
4 0.31319444444444444 0.11041666666666666 0.02361111111111111 0.0375
2 0.8270833333333333 0.4708333333333333 0.10416666666666667 0.08333333333333333
3 0.8131944444444444 0.5479166666666667 0.10972222222222222 0.0875