2 0.41944444444444445 0.20520833333333333 0.027777777777777776 0.03958333333333333
4 0.4097222222222222 0.14895833333333333 0.044444444444444446 0.08541666666666667
4 0.3680555555555556 0.13333333333333333 0.030555555555555555 0.058333333333333334
2 0.30277777777777776 0.17083333333333334 0.04722222222222222 0.03333333333333333
3 0.24375 0.17708333333333334 0.034722222222222224 0.025
2 0.13402777777777777 0.23229166666666667 0.043055555555555555 0.03958333333333333
4 0.21041666666666667 0.21041666666666667 0.08472222222222223 0.0875
3 0.10902777777777778 0.19375 0.02638888888888889 0.029166666666666667
4 0.16597222222222222 0.134375 0.02361111111111111 0.03958333333333333
2 0.2833333333333333 0.11666666666666667 0.03333333333333333 0.03333333333333333
3 0.1486111111111111 0.13020833333333334 0.013888888888888888 0.022916666666666665
3 0.19166666666666668 0.12083333333333333 0.013888888888888888 0.020833333333333332
3 0.20902777777777778 0.11770833333333333 0.015277777777777777 0.022916666666666665
3 0.25625 0.11770833333333333 0.015277777777777777 0.027083333333333334