2 0.8229166666666666 0.5375 0.22083333333333333 0.15416666666666667
2 0.8930555555555556 0.2125 0.05555555555555555 0.04583333333333333
2 0.7215277777777778 0.2 0.04583333333333333 0.05
2 0.40347222222222223 0.240625 0.07083333333333333 0.06875
0 0.5138888888888888 0.14895833333333333 0.10277777777777777 0.08958333333333333
0 0.6263888888888889 0.10520833333333333 0.058333333333333334 0.06041666666666667
3 0.7430555555555556 0.13958333333333334 0.030555555555555555 0.029166666666666667
3 0.6986111111111111 0.11145833333333334 0.022222222222222223 0.022916666666666665
2 0.8284722222222223 0.11145833333333334 0.020833333333333332 0.027083333333333334
3 0.7847222222222222 0.11041666666666666 0.022222222222222223 0.025
3 0.7256944444444444 0.1 0.020833333333333332 0.025
3 0.7145833333333333 0.08541666666666667 0.020833333333333332 0.025