4 0.6826388888888889 0.490625 0.6180555555555556 0.34791666666666665
2 0.44513888888888886 0.290625 0.0625 0.05625
4 0.5166666666666667 0.290625 0.06388888888888888 0.06041666666666667
3 0.5673611111111111 0.26666666666666666 0.043055555555555555 0.041666666666666664
3 0.5458333333333333 0.23645833333333333 0.027777777777777776 0.027083333333333334
3 0.51875 0.24791666666666667 0.03194444444444444 0.025
2 0.6034722222222222 0.23958333333333334 0.034722222222222224 0.0375
3 0.60625 0.196875 0.034722222222222224 0.027083333333333334
3 0.6965277777777777 0.17916666666666667 0.029166666666666667 0.020833333333333332
3 0.7298611111111111 0.15729166666666666 0.03194444444444444 0.027083333333333334
4 0.7645833333333333 0.13125 0.04027777777777778 0.0375