2 0.2881944444444444 0.43020833333333336 0.10138888888888889 0.08125
2 0.43194444444444446 0.425 0.075 0.07083333333333333
0 0.45208333333333334 0.2677083333333333 0.13472222222222222 0.13125
0 0.5069444444444444 0.278125 0.13055555555555556 0.13125
3 0.5861111111111111 0.25416666666666665 0.030555555555555555 0.041666666666666664
3 0.6173611111111111 0.21979166666666666 0.03194444444444444 0.04375
3 0.6548611111111111 0.17395833333333333 0.02361111111111111 0.022916666666666665
3 0.7076388888888889 0.16875 0.02638888888888889 0.029166666666666667
0 0.6861111111111111 0.15104166666666666 0.05 0.052083333333333336
3 0.7763888888888889 0.12395833333333334 0.013888888888888888 0.01875
2 0.9340277777777778 0.7354166666666667 0.1125 0.1125