3 0.1375 0.171875 0.03333333333333333 0.04375
3 0.21319444444444444 0.171875 0.04027777777777778 0.03125
2 0.23055555555555557 0.271875 0.044444444444444446 0.06458333333333334
2 0.2722222222222222 0.259375 0.03611111111111111 0.05625
2 0.3125 0.28958333333333336 0.04722222222222222 0.06666666666666667
2 0.4534722222222222 0.5291666666666667 0.10138888888888889 0.12916666666666668
2 0.5583333333333333 0.6385416666666667 0.12777777777777777 0.15625
2 0.48541666666666666 0.7854166666666667 0.15694444444444444 0.21666666666666667
2 0.8090277777777778 0.8822916666666667 0.19305555555555556 0.23125
2 0.35625 0.32708333333333334 0.05416666666666667 0.0625
3 0.3111111111111111 0.37604166666666666 0.05 0.07291666666666667
3 0.4131944444444444 0.3854166666666667 0.0625 0.0625
3 0.47638888888888886 0.43020833333333336 0.08333333333333333 0.08125
3 0.5743055555555555 0.5208333333333334 0.10972222222222222 0.10833333333333334
3 0.7152777777777778 0.6458333333333334 0.1388888888888889 0.1375
3 0.7076388888888889 0.46458333333333335 0.10972222222222222 0.07916666666666666
3 0.9159722222222222 0.8427083333333333 0.16805555555555557 0.21041666666666667
3 0.6604166666666667 0.95625 0.14027777777777778 0.0875
3 0.5673611111111111 0.271875 0.07361111111111111 0.04791666666666667
2 0.7229166666666667 0.18125 0.05138888888888889 0.03333333333333333
3 0.46041666666666664 0.346875 0.0763888888888889 0.06875