2 0.35138888888888886 0.16145833333333334 0.022222222222222223 0.01875
3 0.32222222222222224 0.15833333333333333 0.022222222222222223 0.020833333333333332
2 0.41458333333333336 0.196875 0.029166666666666667 0.035416666666666666
2 0.4722222222222222 0.2 0.030555555555555555 0.03333333333333333
2 0.42291666666666666 0.309375 0.04861111111111111 0.06041666666666667
2 0.48541666666666666 0.28854166666666664 0.04027777777777778 0.052083333333333336
2 0.5173611111111112 0.25416666666666665 0.02361111111111111 0.041666666666666664
2 0.5430555555555555 0.28020833333333334 0.04722222222222222 0.05625
3 0.8819444444444444 0.40729166666666666 0.06111111111111111 0.08125
3 0.91875 0.2947916666666667 0.05138888888888889 0.05625
3 0.9784722222222222 0.31354166666666666 0.034722222222222224 0.05625
3 0.9638888888888889 0.271875 0.03611111111111111 0.04791666666666667
4 0.9541666666666667 0.5635416666666667 0.07222222222222222 0.16875