2 0.46458333333333335 0.12708333333333333 0.015277777777777777 0.025
2 0.4625 0.175 0.030555555555555555 0.075
3 0.48819444444444443 0.11979166666666667 0.015277777777777777 0.01875
3 0.49236111111111114 0.140625 0.018055555555555554 0.01875
3 0.49583333333333335 0.16041666666666668 0.016666666666666666 0.025
3 0.5034722222222222 0.19270833333333334 0.02361111111111111 0.027083333333333334
3 0.5965277777777778 0.24270833333333333 0.029166666666666667 0.03958333333333333
2 0.5715277777777777 0.14895833333333333 0.020833333333333332 0.022916666666666665
2 0.4576388888888889 0.45729166666666665 0.05416666666666667 0.09375
2 0.54375 0.4583333333333333 0.04861111111111111 0.075
2 0.6284722222222222 0.41354166666666664 0.05416666666666667 0.08541666666666667
2 0.6715277777777777 0.534375 0.0763888888888889 0.11875
2 0.6298611111111111 0.821875 0.11527777777777778 0.24375
2 0.7875 0.5572916666666666 0.08888888888888889 0.10208333333333333
2 0.825 0.246875 0.030555555555555555 0.03125
2 0.5291666666666667 0.12395833333333334 0.013888888888888888 0.014583333333333334
3 0.5222222222222223 0.1125 0.011111111111111112 0.0125