3 0.4638888888888889 0.14791666666666667 0.016666666666666666 0.025
2 0.5388888888888889 0.14166666666666666 0.016666666666666666 0.020833333333333332
3 0.5597222222222222 0.13125 0.011111111111111112 0.016666666666666666
2 0.5715277777777777 0.14791666666666667 0.018055555555555554 0.025
3 0.5527777777777778 0.15729166666666666 0.016666666666666666 0.01875
2 0.5895833333333333 0.17395833333333333 0.020833333333333332 0.022916666666666665
3 0.5583333333333333 0.18020833333333333 0.016666666666666666 0.022916666666666665
2 0.5729166666666666 0.20520833333333333 0.02361111111111111 0.027083333333333334
2 0.5923611111111111 0.23645833333333333 0.029166666666666667 0.03958333333333333
3 0.6708333333333333 0.284375 0.03611111111111111 0.03958333333333333
3 0.6090277777777777 0.39791666666666664 0.05138888888888889 0.07083333333333333
4 0.6944444444444444 0.4166666666666667 0.06111111111111111 0.07083333333333333
3 0.8055555555555556 0.475 0.07777777777777778 0.07916666666666666
2 0.9333333333333333 0.8979166666666667 0.13333333333333333 0.20416666666666666
3 0.48194444444444445 0.10104166666666667 0.013888888888888888 0.01875