2 0.44027777777777777 0.109375 0.013888888888888888 0.01875
2 0.4361111111111111 0.13958333333333334 0.022222222222222223 0.029166666666666667
3 0.46805555555555556 0.13229166666666667 0.016666666666666666 0.022916666666666665
2 0.47152777777777777 0.16458333333333333 0.018055555555555554 0.025
2 0.4409722222222222 0.20104166666666667 0.02638888888888889 0.03958333333333333
2 0.4888888888888889 0.23854166666666668 0.030555555555555555 0.03958333333333333
2 0.5423611111111111 0.38958333333333334 0.05138888888888889 0.07916666666666666
3 0.8111111111111111 0.5125 0.09166666666666666 0.1
2 0.4840277777777778 0.5572916666666666 0.07916666666666666 0.14375
2 0.5118055555555555 0.11354166666666667 0.015277777777777777 0.01875
2 0.5340277777777778 0.115625 0.015277777777777777 0.01875