2 0.5840277777777778 0.17604166666666668 0.020833333333333332 0.03125
2 0.5597222222222222 0.190625 0.022222222222222223 0.03125
2 0.49722222222222223 0.20208333333333334 0.022222222222222223 0.0375
2 0.5048611111111111 0.25 0.034722222222222224 0.05
2 0.45694444444444443 0.20729166666666668 0.016666666666666666 0.03125
2 0.45902777777777776 0.2625 0.029166666666666667 0.041666666666666664
2 0.45208333333333334 0.3458333333333333 0.0375 0.058333333333333334
2 0.5340277777777778 0.41770833333333335 0.05416666666666667 0.08958333333333333
2 0.6805555555555556 0.46875 0.075 0.09166666666666666
3 0.4534722222222222 0.571875 0.059722222222222225 0.11458333333333333
2 0.6409722222222223 0.8958333333333334 0.1375 0.20833333333333334
2 0.5347222222222222 0.15208333333333332 0.016666666666666666 0.020833333333333332
2 0.5534722222222223 0.13854166666666667 0.0125 0.01875
2 0.4618055555555556 0.11979166666666667 0.0125 0.014583333333333334
2 0.4798611111111111 0.12083333333333333 0.009722222222222222 0.0125