2 0.5944444444444444 0.22916666666666666 0.030555555555555555 0.04583333333333333
2 0.6541666666666667 0.171875 0.019444444444444445 0.027083333333333334
2 0.7201388888888889 0.21145833333333333 0.018055555555555554 0.01875
2 0.7006944444444444 0.27291666666666664 0.02638888888888889 0.04583333333333333
2 0.7493055555555556 0.2604166666666667 0.02361111111111111 0.05
2 0.7611111111111111 0.18854166666666666 0.013888888888888888 0.01875
2 0.7375 0.18125 0.011111111111111112 0.020833333333333332
2 0.7263888888888889 0.34791666666666665 0.03888888888888889 0.06666666666666667
2 0.6451388888888889 0.384375 0.05416666666666667 0.08125
2 0.5680555555555555 0.584375 0.08333333333333333 0.12708333333333333
2 0.69375 0.5260416666666666 0.06527777777777778 0.09791666666666667
3 0.5840277777777778 0.953125 0.12916666666666668 0.09375