3 0.4388888888888889 0.146875 0.011111111111111112 0.022916666666666665
3 0.46319444444444446 0.125 0.015277777777777777 0.016666666666666666
3 0.4666666666666667 0.15 0.019444444444444445 0.020833333333333332
0 0.4756944444444444 0.178125 0.03194444444444444 0.05625
0 0.5034722222222222 0.10833333333333334 0.009722222222222222 0.0125
0 0.5152777777777777 0.10416666666666667 0.008333333333333333 0.0125
3 0.53125 0.12395833333333334 0.018055555555555554 0.014583333333333334
2 0.5305555555555556 0.15833333333333333 0.019444444444444445 0.025
3 0.5715277777777777 0.21458333333333332 0.02638888888888889 0.029166666666666667
3 0.6298611111111111 0.2791666666666667 0.0375 0.041666666666666664
2 0.9215277777777777 0.6489583333333333 0.13194444444444445 0.13958333333333334