3 0.7048611111111112 0.22083333333333333 0.02361111111111111 0.025
2 0.7451388888888889 0.21875 0.020833333333333332 0.020833333333333332
2 0.7180555555555556 0.1875 0.019444444444444445 0.020833333333333332
2 0.7270833333333333 0.15416666666666667 0.0125 0.016666666666666666
2 0.7340277777777777 0.284375 0.034722222222222224 0.03958333333333333
2 0.6618055555555555 0.3177083333333333 0.0375 0.04375
2 0.6145833333333334 0.46875 0.059722222222222225 0.075
0 0.6388888888888888 0.7010416666666667 0.15555555555555556 0.38125
3 0.4201388888888889 0.9010416666666666 0.14027777777777778 0.19791666666666666
2 0.5736111111111111 0.21458333333333332 0.027777777777777776 0.0375
3 0.5520833333333334 0.234375 0.015277777777777777 0.03125
0 0.5104166666666666 0.25625 0.07361111111111111 0.1
0 0.45416666666666666 0.3145833333333333 0.04722222222222222 0.058333333333333334
2 0.40347222222222223 0.36041666666666666 0.05694444444444444 0.07083333333333333
3 0.35347222222222224 0.4239583333333333 0.06527777777777778 0.06875
3 0.5326388888888889 0.32708333333333334 0.04583333333333333 0.04583333333333333
2 0.47708333333333336 0.384375 0.0625 0.07291666666666667
2 0.4340277777777778 0.43333333333333335 0.0625 0.07083333333333333
2 0.3680555555555556 0.5010416666666667 0.08611111111111111 0.11875
2 0.2520833333333333 0.5145833333333333 0.09027777777777778 0.10416666666666667
3 0.2638888888888889 0.6135416666666667 0.11944444444444445 0.13958333333333334
2 0.13125 0.6239583333333333 0.12638888888888888 0.14791666666666667
2 0.10694444444444444 0.784375 0.1527777777777778 0.18541666666666667