2 0.5715277777777777 0.10729166666666666 0.015277777777777777 0.022916666666666665
2 0.5930555555555556 0.10625 0.016666666666666666 0.020833333333333332
3 0.58125 0.13125 0.015277777777777777 0.020833333333333332
3 0.5465277777777777 0.140625 0.018055555555555554 0.01875
3 0.5409722222222222 0.159375 0.018055555555555554 0.01875
3 0.5520833333333334 0.18020833333333333 0.020833333333333332 0.022916666666666665
3 0.5118055555555555 0.1875 0.02361111111111111 0.03333333333333333
3 0.53125 0.20729166666666668 0.02638888888888889 0.027083333333333334
2 0.5145833333333333 0.23645833333333333 0.034722222222222224 0.03958333333333333
2 0.46805555555555556 0.23333333333333334 0.03333333333333333 0.03333333333333333
3 0.4583333333333333 0.3302083333333333 0.04722222222222222 0.06041666666666667
3 0.38819444444444445 0.4791666666666667 0.07083333333333333 0.09166666666666666
3 0.1875 0.60625 0.10833333333333334 0.12083333333333333
2 0.24166666666666667 0.709375 0.11944444444444445 0.16458333333333333