2 0.16944444444444445 0.153125 0.030555555555555555 0.03125
3 0.1875 0.175 0.030555555555555555 0.025
3 0.15416666666666667 0.19479166666666667 0.03611111111111111 0.03958333333333333
3 0.2076388888888889 0.203125 0.034722222222222224 0.03958333333333333
2 0.22361111111111112 0.14166666666666666 0.022222222222222223 0.020833333333333332
2 0.25763888888888886 0.140625 0.02361111111111111 0.022916666666666665
2 0.2604166666666667 0.17291666666666666 0.029166666666666667 0.029166666666666667
3 0.3020833333333333 0.16666666666666666 0.03194444444444444 0.03333333333333333
2 0.34930555555555554 0.19583333333333333 0.04027777777777778 0.0375
3 0.37916666666666665 0.25729166666666664 0.05277777777777778 0.04375
3 0.48194444444444445 0.27395833333333336 0.06944444444444445 0.06041666666666667
2 0.25 0.25833333333333336 0.044444444444444446 0.058333333333333334
2 0.20347222222222222 0.3125 0.05416666666666667 0.06666666666666667
3 0.6118055555555556 0.7270833333333333 0.23194444444444445 0.2708333333333333
3 0.6840277777777778 0.48854166666666665 0.12916666666666668 0.10625
4 0.7784722222222222 0.44166666666666665 0.1597222222222222 0.125