4 0.5416666666666666 0.12708333333333333 0.022222222222222223 0.029166666666666667
3 0.5520833333333334 0.14583333333333334 0.0125 0.016666666666666666
3 0.56875 0.15833333333333333 0.020833333333333332 0.025
3 0.5791666666666667 0.17395833333333333 0.019444444444444445 0.022916666666666665
2 0.6027777777777777 0.19270833333333334 0.027777777777777776 0.03125
2 0.6208333333333333 0.215625 0.027777777777777776 0.027083333333333334
2 0.6472222222222223 0.24895833333333334 0.03611111111111111 0.04375
3 0.6777777777777778 0.27291666666666664 0.030555555555555555 0.03333333333333333
2 0.7013888888888888 0.2989583333333333 0.05 0.05625
2 0.75 0.34791666666666665 0.058333333333333334 0.05416666666666667
2 0.8090277777777778 0.3958333333333333 0.08472222222222223 0.09583333333333334
2 0.8958333333333334 0.490625 0.1111111111111111 0.07708333333333334
3 0.5097222222222222 0.12708333333333333 0.013888888888888888 0.016666666666666666
3 0.5201388888888889 0.14166666666666666 0.018055555555555554 0.020833333333333332
3 0.5333333333333333 0.15625 0.019444444444444445 0.025
3 0.5458333333333333 0.175 0.022222222222222223 0.029166666666666667
2 0.5645833333333333 0.20104166666666667 0.02638888888888889 0.03125
2 0.5770833333333333 0.22291666666666668 0.02361111111111111 0.020833333333333332
2 0.5895833333333333 0.240625 0.029166666666666667 0.027083333333333334
2 0.6125 0.265625 0.03888888888888889 0.03958333333333333
2 0.6326388888888889 0.29375 0.04583333333333333 0.04583333333333333
2 0.6701388888888888 0.3416666666666667 0.05138888888888889 0.05416666666666667
2 0.7118055555555556 0.40625 0.06805555555555555 0.06666666666666667
2 0.7868055555555555 0.49166666666666664 0.09305555555555556 0.09583333333333334
4 0.9048611111111111 0.5979166666666667 0.17916666666666667 0.2