3 0.5597222222222222 0.134375 0.016666666666666666 0.01875
2 0.5645833333333333 0.16354166666666667 0.020833333333333332 0.01875
3 0.5826388888888889 0.13333333333333333 0.015277777777777777 0.0125
3 0.6520833333333333 0.12708333333333333 0.015277777777777777 0.0125
2 0.6506944444444445 0.14166666666666666 0.015277777777777777 0.020833333333333332
2 0.6527777777777778 0.16770833333333332 0.019444444444444445 0.01875
2 0.61875 0.17604166666666668 0.018055555555555554 0.022916666666666665
2 0.6076388888888888 0.24583333333333332 0.03194444444444444 0.04583333333333333
3 0.5409722222222222 0.203125 0.02638888888888889 0.027083333333333334
2 0.46319444444444446 0.33541666666666664 0.043055555555555555 0.058333333333333334
2 0.2465277777777778 0.44166666666666665 0.08472222222222223 0.09166666666666666
2 0.5930555555555556 0.0875 0.016666666666666666 0.029166666666666667