3 0.125 0.13125 0.016666666666666666 0.016666666666666666
3 0.13333333333333333 0.15416666666666667 0.013888888888888888 0.0125
2 0.14444444444444443 0.17395833333333333 0.025 0.03125
3 0.1597222222222222 0.21041666666666667 0.03888888888888889 0.04583333333333333
3 0.16944444444444445 0.15 0.013888888888888888 0.029166666666666667
3 0.17916666666666667 0.11041666666666666 0.013888888888888888 0.020833333333333332
2 0.19444444444444445 0.121875 0.019444444444444445 0.022916666666666665
3 0.21875 0.11770833333333333 0.02361111111111111 0.01875
3 0.2361111111111111 0.14895833333333333 0.016666666666666666 0.022916666666666665
2 0.2520833333333333 0.16145833333333334 0.02638888888888889 0.03125
2 0.28402777777777777 0.18125 0.034722222222222224 0.0375
2 0.3541666666666667 0.18854166666666666 0.041666666666666664 0.03958333333333333
4 0.33958333333333335 0.221875 0.05138888888888889 0.04375
2 0.4173611111111111 0.2875 0.059722222222222225 0.0625
3 0.49583333333333335 0.2833333333333333 0.06111111111111111 0.05
4 0.5819444444444445 0.4010416666666667 0.11666666666666667 0.10625
2 0.22569444444444445 0.22083333333333333 0.043055555555555555 0.058333333333333334
3 0.2638888888888889 0.2760416666666667 0.04722222222222222 0.052083333333333336