0 0.6 0.21458333333333332 0.044444444444444446 0.075
0 0.5763888888888888 0.353125 0.08055555555555556 0.14375
3 0.5555555555555556 0.128125 0.016666666666666666 0.01875
3 0.5104166666666666 0.175 0.02361111111111111 0.025
3 0.53125 0.19791666666666666 0.02638888888888889 0.03333333333333333
2 0.45069444444444445 0.24479166666666666 0.034722222222222224 0.03958333333333333
2 0.4840277777777778 0.271875 0.0375 0.052083333333333336
3 0.45625 0.32708333333333334 0.04861111111111111 0.058333333333333334
3 0.3659722222222222 0.36354166666666665 0.0625 0.06458333333333334
2 0.37569444444444444 0.4479166666666667 0.07361111111111111 0.09166666666666666
4 0.1111111111111111 0.6729166666666667 0.16666666666666666 0.22916666666666666