3 0.8368055555555556 0.08541666666666667 0.018055555555555554 0.020833333333333332
3 0.8701388888888889 0.08125 0.015277777777777777 0.016666666666666666
3 0.8847222222222222 0.121875 0.022222222222222223 0.022916666666666665
3 0.9034722222222222 0.09791666666666667 0.0125 0.016666666666666666
3 0.9298611111111111 0.09791666666666667 0.015277777777777777 0.016666666666666666
2 0.8131944444444444 0.12604166666666666 0.02638888888888889 0.027083333333333334
2 0.84375 0.175 0.02361111111111111 0.029166666666666667
3 0.8097222222222222 0.22083333333333333 0.041666666666666664 0.041666666666666664
3 0.7645833333333333 0.28854166666666664 0.05416666666666667 0.052083333333333336
3 0.7465277777777778 0.178125 0.0375 0.03958333333333333
3 0.6916666666666667 0.221875 0.05 0.04375
2 0.47847222222222224 0.31145833333333334 0.09027777777777778 0.08125