2 0.5541666666666667 0.190625 0.022222222222222223 0.03125
2 0.56875 0.2125 0.02361111111111111 0.029166666666666667
2 0.5986111111111111 0.24583333333333332 0.03333333333333333 0.041666666666666664
2 0.6215277777777778 0.284375 0.0375 0.04791666666666667
2 0.6013888888888889 0.19166666666666668 0.025 0.020833333333333332
2 0.6291666666666667 0.22604166666666667 0.027777777777777776 0.03125
2 0.65 0.24583333333333332 0.03333333333333333 0.041666666666666664
2 0.7104166666666667 0.29583333333333334 0.10138888888888889 0.11666666666666667
2 0.6611111111111111 0.32708333333333334 0.05555555555555555 0.0625
3 0.6965277777777777 0.38645833333333335 0.0625 0.06041666666666667
2 0.7673611111111112 0.44895833333333335 0.08472222222222223 0.07291666666666667
2 0.8347222222222223 0.5354166666666667 0.10555555555555556 0.1
2 0.9263888888888889 0.6885416666666667 0.13055555555555556 0.14375
4 0.9513888888888888 0.5729166666666666 0.08055555555555556 0.16666666666666666
3 0.5340277777777778 0.16458333333333333 0.015277777777777777 0.016666666666666666