2 0.18819444444444444 0.12083333333333333 0.018055555555555554 0.020833333333333332
3 0.16041666666666668 0.14166666666666666 0.020833333333333332 0.020833333333333332
2 0.1486111111111111 0.12395833333333334 0.016666666666666666 0.014583333333333334
3 0.18819444444444444 0.16458333333333333 0.02361111111111111 0.029166666666666667
3 0.14097222222222222 0.165625 0.015277777777777777 0.027083333333333334
2 0.15902777777777777 0.18541666666666667 0.03194444444444444 0.029166666666666667
2 0.17083333333333334 0.228125 0.03333333333333333 0.04375
3 0.22777777777777777 0.234375 0.03611111111111111 0.04375
2 0.28541666666666665 0.30416666666666664 0.05416666666666667 0.07083333333333333
2 0.4076388888888889 0.45625 0.10972222222222222 0.15
2 0.3347222222222222 0.5958333333333333 0.11388888888888889 0.175
2 0.5819444444444445 0.39375 0.10555555555555556 0.1
2 0.24444444444444444 0.159375 0.025 0.027083333333333334
3 0.2388888888888889 0.13333333333333333 0.016666666666666666 0.016666666666666666