3 0.49930555555555556 0.12708333333333333 0.020833333333333332 0.020833333333333332
3 0.46319444444444446 0.16666666666666666 0.02361111111111111 0.029166666666666667
2 0.5034722222222222 0.21145833333333333 0.029166666666666667 0.03958333333333333
3 0.5416666666666666 0.20104166666666667 0.025 0.035416666666666666
3 0.5138888888888888 0.2625 0.030555555555555555 0.04583333333333333
2 0.4583333333333333 0.31145833333333334 0.03888888888888889 0.05625
2 0.45555555555555555 0.3729166666666667 0.044444444444444446 0.075
3 0.5284722222222222 0.32395833333333335 0.04027777777777778 0.04791666666666667
2 0.5340277777777778 0.3854166666666667 0.043055555555555555 0.07083333333333333
2 0.6118055555555556 0.37916666666666665 0.05416666666666667 0.08333333333333333
2 0.7326388888888888 0.9052083333333333 0.1875 0.18958333333333333