3 0.46597222222222223 0.121875 0.015277777777777777 0.022916666666666665
3 0.4666666666666667 0.18020833333333333 0.019444444444444445 0.022916666666666665
3 0.46597222222222223 0.21041666666666667 0.02361111111111111 0.020833333333333332
3 0.4625 0.234375 0.025 0.022916666666666665
3 0.45902777777777776 0.28125 0.03194444444444444 0.05
3 0.4965277777777778 0.16770833333333332 0.018055555555555554 0.01875
3 0.5006944444444444 0.19479166666666667 0.02361111111111111 0.027083333333333334
2 0.5076388888888889 0.22083333333333333 0.02638888888888889 0.025
2 0.5145833333333333 0.2520833333333333 0.02638888888888889 0.0375
2 0.5229166666666667 0.284375 0.034722222222222224 0.04791666666666667
2 0.525 0.328125 0.041666666666666664 0.04791666666666667
3 0.5513888888888889 0.434375 0.05 0.07291666666666667
2 0.4513888888888889 0.4375 0.058333333333333334 0.1